10000 9999
1 0
2 1
3 1
4 3
5 2
6 2
7 0
8 2
9 7
10 2
11 6
12 3
13 7
14 10
15 8
16 2
17 3
18 11
19 9
20 15
21 16
22 17
23 19
24 6
25 4
26 4
27 9
28 16
29 23
30 5
31 13
32 9
33 27
34 12
35 7
36 5
37 30
38 33
39 17
40 31
41 2
42 38
43 34
44 43
45 9
46 20
47 9
48 9
49 48
50 39
51 26
52 45
53 4
54 18
55 33
56 28
57 40
58 43
59 50
60 32
61 50
62 34
63 36
64 43
65 41
66 11
67 8
68 18
69 37
70 18
71 50
72 48
73 10
74 25
75 63
76 74
77 9
78 47
79 48
80 31
81 29
82 27
83 5
84 74
85 30
86 24
87 7
88 12
89 43
90 12
91 15
92 65
93 63
94 28
95 10
96 20
97 86
98 33
99 23
100 15
101 71
102 88
103 89
104 70
105 16
106 102
107 4
108 70
109 1
110 65
111 45
112 102
113 5
114 71
115 6
116 81
117 4
118 34
119 27
120 39
121 53
122 0
123 104
124 98
125 103
126 25
127 2
128 1
129 90
130 3
131 12
132 124
133 29
134 14
135 59
136 110
137 71
138 83
139 104
140 70
141 87
142 134
143 46
144 29
145 41
146 48
147 121
148 44
149 105
150 111
151 42
152 136
153 97
154 22
155 37
156 49
157 128
158 34
159 3
160 96
161 66
162 49
163 47
164 158
165 137
166 122
167 158
168 159
169 168
170 130
171 167
172 162
173 40
174 114
175 35
176 0
177 43
178 138
179 21
180 129
181 133
182 20
183 147
184 156
185 117
186 89
187 180
188 43
189 152
190 31
191 58
192 63
193 98
194 87
195 54
196 29
197 16
198 147
199 194
200 19
201 96
202 34
203 191
204 4
205 61
206 33
207 167
208 61
209 99
210 109
211 189
212 171
213 131
214 69
215 40
216 157
217 143
218 99
219 80
220 11
221 164
222 34
223 82
224 106
225 187
226 78
227 129
228 25
229 158
230 34
231 0
232 190
233 36
234 166
235 85
236 33
237 125
238 64
239 125
240 119
241 8
242 160
243 24
244 91
245 54
246 195
247 180
248 246
249 169
250 137
251 1
252 161
253 109
254 147
255 56
256 87
257 50
258 47
259 161
260 199
261 239
262 26
263 168
264 36
265 139
266 252
267 30
268 144
269 134
270 252
271 105
272 234
273 40
274 57
275 150
276 76
277 211
278 43
279 75
280 132
281 238
282 17
283 55
284 223
285 156
286 12
287 189
288 106
289 171
290 286
291 157
292 11
293 250
294 267
295 51
296 189
297 204
298 180
299 247
300 109
301 104
302 202
303 111
304 99
305 236
306 295
307 287
308 105
309 113
310 35
311 176
312 275
313 35
314 250
315 313
316 67
317 215
318 275
319 255
320 27
321 306
322 226
323 301
324 10
325 240
326 91
327 186
328 274
329 6
330 125
331 304
332 37
333 35
334 268
335 264
336 22
337 235
338 262
339 336
340 16
341 14
342 260
343 256
344 100
345 246
346 79
347 191
348 184
349 10
350 150
351 298
352 151
353 290
354 197
355 204
356 294
357 28
358 209
359 322
360 257
361 258
362 348
363 58
364 126
365 50
366 340
367 243
368 111
369 227
370 349
371 340
372 255
373 176
374 10
375 28
376 314
377 198
378 59
379 41
380 295
381 169
382 142
383 368
384 83
385 121
386 246
387 50
388 257
389 246
390 77
391 183
392 248
393 189
394 172
395 255
396 104
397 365
398 194
399 144
400 209
401 149
402 68
403 119
404 317
405 178
406 388
407 332
408 153
409 130
410 264
411 285
412 151
413 354
414 349
415 78
416 204
417 307
418 277
419 97
420 232
421 360
422 30
423 255
424 224
425 387
426 354
427 302
428 120
429 139
430 349
431 347
432 338
433 313
434 207
435 426
436 201
437 96
438 319
439 279
440 337
441 200
442 246
443 247
444 11
445 193
446 57
447 68
448 118
449 53
450 239
451 162
452 305
453 52
454 351
455 423
456 354
457 154
458 186
459 419
460 100
461 198
462 194
463 459
464 6
465 199
466 349
467 100
468 209
469 30
470 439
471 3
472 200
473 427
474 31
475 384
476 379
477 331
478 356
479 272
480 53
481 449
482 365
483 120
484 49
485 191
486 247
487 119
488 155
489 138
490 85
491 421
492 170
493 26
494 98
495 221
496 357
497 76
498 415
499 173
500 217
501 207
502 316
503 74
504 18
505 92
506 258
507 159
508 222
509 70
510 72
511 253
512 336
513 485
514 113
515 390
516 19
517 35
518 369
519 384
520 357
521 136
522 295
523 42
524 335
525 56
526 180
527 157
528 74
529 196
530 257
531 486
532 353
533 445
534 96
535 404
536 484
537 200
538 172
539 363
540 434
541 478
542 476
543 193
544 182
545 295
546 212
547 85
548 56
549 300
550 189
551 364
552 192
553 72
554 5
555 516
556 332
557 429
558 120
559 544
560 7
561 197
562 318
563 273
564 256
565 555
566 551
567 447
568 79
569 357
570 133
571 366
572 304
573 427
574 386
575 404
576 270
577 483
578 2
579 220
580 274
581 165
582 575
583 556
584 178
585 443
586 494
587 577
588 217
589 353
590 207
591 298
592 423
593 527
594 436
595 362
596 267
597 436
598 388
599 321
600 159
601 181
602 141
603 294
604 410
605 26
606 355
607 584
608 188
609 133
610 316
611 259
612 481
613 246
614 238
615 354
616 184
617 220
618 303
619 122
620 523
621 63
622 619
623 302
624 336
625 502
626 349
627 594
628 41
629 275
630 607
631 491
632 29
633 498
634 179
635 268
636 24
637 566
638 264
639 490
640 76
641 138
642 53
643 333
644 195
645 427
646 360
647 381
648 482
649 601
650 311
651 203
652 527
653 469
654 479
655 263
656 33
657 296
658 17
659 127
660 309
661 620
662 44
663 654
664 333
665 44
666 210
667 288
668 491
669 465
670 203
671 564
672 185
673 153
674 446
675 118
676 594
677 443
678 381
679 74
680 159
681 269
682 628
683 628
684 132
685 197
686 131
687 506
688 326
689 459
690 669
691 83
692 268
693 368
694 291
695 100
696 354
697 214
698 308
699 289
700 74
701 548
702 96
703 308
704 593
705 702
706 297
707 387
708 221
709 407
710 228
711 568
712 26
713 264
714 606
715 549
716 687
717 336
718 532
719 9
720 437
721 311
722 280
723 284
724 285
725 346
726 145
727 198
728 507
729 342
730 143
731 221
732 701
733 5
734 531
735 720
736 330
737 339
738 206
739 518
740 355
741 667
742 188
743 504
744 619
745 38
746 723
747 233
748 494
749 162
750 615
751 588
752 185
753 258
754 566
755 421
756 405
757 238
758 110
759 127
760 159
761 372
762 12
763 608
764 135
765 214
766 9
767 142
768 302
769 158
770 130
771 131
772 5
773 180
774 419
775 720
776 630
777 39
778 183
779 696
780 442
781 11
782 36
783 84
784 507
785 663
786 652
787 578
788 573
789 740
790 580
791 181
792 651
793 28
794 39
795 373
796 649
797 637
798 160
799 305
800 533
801 98
802 675
803 63
804 691
805 550
806 31
807 149
808 592
809 772
810 64
811 12
812 58
813 147
814 562
815 64
816 163
817 682
818 758
819 333
820 366
821 142
822 381
823 703
824 306
825 806
826 181
827 398
828 24
829 515
830 65
831 222
832 560
833 640
834 447
835 463
836 473
837 548
838 615
839 132
840 781
841 487
842 518
843 271
844 678
845 730
846 579
847 682
848 466
849 93
850 196
851 687
852 621
853 390
854 308
855 633
856 459
857 428
858 231
859 336
860 627
861 481
862 821
863 633
864 49
865 438
866 663
867 307
868 502
869 562
870 832
871 390
872 274
873 580
874 739
875 653
876 607
877 216
878 450
879 823
880 450
881 806
882 311
883 716
884 329
885 314
886 357
887 672
888 748
889 386
890 266
891 123
892 447
893 364
894 146
895 552
896 811
897 740
898 489
899 676
900 504
901 327
902 411
903 286
904 385
905 196
906 140
907 472
908 481
909 199
910 755
911 521
912 232
913 900
914 775
915 521
916 196
917 705
918 308
919 764
920 659
921 508
922 588
923 393
924 550
925 877
926 873
927 535
928 504
929 701
930 453
931 651
932 718
933 711
934 118
935 658
936 300
937 783
938 419
939 588
940 700
941 221
942 72
943 273
944 775
945 316
946 553
947 313
948 693
949 478
950 903
951 891
952 91
953 402
954 704
955 710
956 918
957 816
958 767
959 585
960 128
961 494
962 556
963 448
964 738
965 682
966 598
967 680
968 865
969 303
970 488
971 301
972 472
973 439
974 197
975 4
976 228
977 657
978 317
979 26
980 106
981 800
982 839
983 679
984 420
985 91
986 48
987 356
988 251
989 160
990 903
991 963
992 972
993 737
994 559
995 603
996 757
997 30
998 797
999 105
1000 356
1001 213
1002 255
1003 423
1004 81
1005 781
1006 200
1007 160
1008 330
1009 14
1010 526
1011 799
1012 874
1013 119
1014 129
1015 210
1016 310
1017 713
1018 915
1019 123
1020 176
1021 374
1022 926
1023 932
1024 134
1025 939
1026 646
1027 326
1028 907
1029 69
1030 828
1031 412
1032 189
1033 914
1034 339
1035 193
1036 282
1037 57
1038 514
1039 137
1040 180
1041 8
1042 657
1043 368
1044 770
1045 736
1046 781
1047 79
1048 1022
1049 931
1050 608
1051 308
1052 995
1053 861
1054 497
1055 66
1056 1050
1057 604
1058 244
1059 670
1060 22
1061 43
1062 662
1063 280
1064 933
1065 955
1066 737
1067 1058
1068 373
1069 767
1070 830
1071 242
1072 1046
1073 126
1074 358
1075 640
1076 321
1077 720
1078 761
1079 949
1080 163
1081 384
1082 538
1083 427
1084 945
1085 1071
1086 582
1087 453
1088 956
1089 1025
1090 498
1091 120
1092 565
1093 848
1094 20
1095 126
1096 32
1097 145
1098 588
1099 495
1100 964
1101 427
1102 103
1103 342
1104 1018
1105 848
1106 621
1107 795
1108 74
1109 740
1110 43
1111 883
1112 320
1113 720
1114 787
1115 1073
1116 852
1117 546
1118 212
1119 409
1120 700
1121 737
1122 502
1123 295
1124 746
1125 290
1126 303
1127 174
1128 177
1129 830
1130 443
1131 105
1132 201
1133 1013
1134 555
1135 619
1136 601
1137 817
1138 566
1139 675
1140 372
1141 1053
1142 600
1143 992
1144 851
1145 12
1146 1121
1147 581
1148 763
1149 975
1150 783
1151 533
1152 606
1153 751
1154 749
1155 1129
1156 361
1157 228
1158 742
1159 360
1160 859
1161 723
1162 24
1163 229
1164 535
1165 803
1166 757
1167 991
1168 404
1169 698
1170 317
1171 196
1172 216
1173 291
1174 296
1175 83
1176 264
1177 1111
1178 98
1179 666
1180 719
1181 304
1182 984
1183 1174
1184 171
1185 504
1186 267
1187 1074
1188 106
1189 741
1190 176
1191 968
1192 317
1193 1169
1194 602
1195 607
1196 693
1197 683
1198 258
1199 998
1200 245
1201 396
1202 288
1203 1148
1204 10
1205 314
1206 954
1207 922
1208 929
1209 751
1210 976
1211 817
1212 506
1213 469
1214 1114
1215 936
1216 763
1217 969
1218 298
1219 807
1220 1138
1221 23
1222 418
1223 60
1224 1056
1225 383
1226 954
1227 811
1228 959
1229 882
1230 1187
1231 525
1232 430
1233 228
1234 764
1235 473
1236 491
1237 617
1238 47
1239 334
1240 1165
1241 816
1242 364
1243 465
1244 81
1245 1043
1246 688
1247 353
1248 341
1249 334
1250 304
1251 313
1252 132
1253 51
1254 108
1255 188
1256 646
1257 1187
1258 58
1259 502
1260 1075
1261 280
1262 867
1263 376
1264 703
1265 121
1266 395
1267 410
1268 205
1269 433
1270 463
1271 443
1272 1074
1273 84
1274 885
1275 1050
1276 628
1277 1112
1278 1006
1279 494
1280 372
1281 868
1282 63
1283 62
1284 397
1285 483
1286 67
1287 989
1288 858
1289 477
1290 1020
1291 692
1292 1255
1293 499
1294 741
1295 251
1296 1197
1297 878
1298 242
1299 1080
1300 976
1301 227
1302 1044
1303 230
1304 198
1305 710
1306 764
1307 36
1308 1249
1309 625
1310 999
1311 1179
1312 1017
1313 215
1314 740
1315 385
1316 474
1317 1081
1318 982
1319 200
1320 210
1321 911
1322 459
1323 996
1324 697
1325 680
1326 11
1327 1086
1328 1031
1329 818
1330 572
1331 114
1332 787
1333 1096
1334 1009
1335 920
1336 5
1337 419
1338 530
1339 1292
1340 724
1341 795
1342 508
1343 352
1344 378
1345 500
1346 428
1347 945
1348 581
1349 570
1350 919
1351 1046
1352 283
1353 36
1354 210
1355 525
1356 60
1357 1338
1358 1096
1359 1335
1360 864
1361 1162
1362 1149
1363 53
1364 754
1365 538
1366 1056
1367 799
1368 1006
1369 1151
1370 1030
1371 217
1372 1022
1373 1342
1374 813
1375 350
1376 47
1377 135
1378 722
1379 1089
1380 1253
1381 54
1382 253
1383 1006
1384 164
1385 413
1386 1369
1387 1064
1388 188
1389 1023
1390 1206
1391 146
1392 1363
1393 65
1394 1336
1395 881
1396 620
1397 534
1398 983
1399 180
1400 970
1401 1339
1402 718
1403 14
1404 433
1405 1257
1406 1108
1407 410
1408 805
1409 1139
1410 711
1411 148
1412 417
1413 600
1414 868
1415 622
1416 1402
1417 1145
1418 1201
1419 1149
1420 328
1421 351
1422 189
1423 1207
1424 14
1425 1066
1426 484
1427 1185
1428 1188
1429 803
1430 1172
1431 355
1432 977
1433 63
1434 311
1435 962
1436 1211
1437 548
1438 1402
1439 612
1440 598
1441 784
1442 923
1443 1422
1444 681
1445 1096
1446 35
1447 460
1448 64
1449 274
1450 199
1451 950
1452 670
1453 1216
1454 554
1455 1167
1456 224
1457 1351
1458 263
1459 1042
1460 1459
1461 407
1462 1146
1463 222
1464 335
1465 719
1466 1281
1467 1162
1468 566
1469 666
1470 694
1471 536
1472 881
1473 997
1474 285
1475 286
1476 1379
1477 496
1478 1241
1479 970
1480 299
1481 1069
1482 507
1483 785
1484 1470
1485 556
1486 913
1487 347
1488 1111
1489 596
1490 105
1491 755
1492 892
1493 839
1494 334
1495 1452
1496 868
1497 1122
1498 1135
1499 970
1500 1091
1501 1310
1502 1013
1503 885
1504 1197
1505 957
1506 1443
1507 293
1508 1365
1509 1223
1510 745
1511 1068
1512 315
1513 1417
1514 208
1515 836
1516 605
1517 1413
1518 799
1519 131
1520 205
1521 826
1522 339
1523 1323
1524 1255
1525 1022
1526 1282
1527 1046
1528 503
1529 209
1530 1469
1531 685
1532 1156
1533 1469
1534 562
1535 135
1536 1330
1537 507
1538 612
1539 923
1540 469
1541 469
1542 387
1543 899
1544 355
1545 1132
1546 644
1547 39
1548 272
1549 841
1550 375
1551 619
1552 1468
1553 311
1554 1308
1555 361
1556 322
1557 1463
1558 1130
1559 55
1560 1112
1561 547
1562 1418
1563 1457
1564 859
1565 1391
1566 940
1567 88
1568 699
1569 754
1570 1012
1571 1093
1572 799
1573 792
1574 38
1575 1299
1576 490
1577 320
1578 1489
1579 352
1580 134
1581 696
1582 659
1583 1543
1584 745
1585 1010
1586 972
1587 608
1588 407
1589 1343
1590 1372
1591 1369
1592 137
1593 795
1594 1582
1595 477
1596 364
1597 548
1598 793
1599 1155
1600 1084
1601 919
1602 196
1603 233
1604 1097
1605 1194
1606 20
1607 948
1608 1076
1609 30
1610 1422
1611 593
1612 1087
1613 666
1614 662
1615 906
1616 78
1617 1454
1618 1526
1619 112
1620 50
1621 258
1622 1076
1623 1511
1624 871
1625 1001
1626 79
1627 1069
1628 162
1629 1147
1630 409
1631 773
1632 531
1633 496
1634 225
1635 1161
1636 207
1637 716
1638 627
1639 1259
1640 1469
1641 961
1642 1481
1643 265
1644 1099
1645 895
1646 1103
1647 577
1648 1597
1649 1426
1650 1568
1651 599
1652 3
1653 34
1654 493
1655 1547
1656 1141
1657 1406
1658 646
1659 473
1660 128
1661 290
1662 407
1663 821
1664 823
1665 1086
1666 1140
1667 737
1668 357
1669 299
1670 370
1671 1438
1672 413
1673 474
1674 1561
1675 1379
1676 1318
1677 1673
1678 1126
1679 234
1680 24
1681 606
1682 678
1683 1546
1684 371
1685 1589
1686 1289
1687 939
1688 1478
1689 897
1690 1115
1691 1507
1692 1540
1693 426
1694 662
1695 1669
1696 1680
1697 784
1698 3
1699 307
1700 535
1701 522
1702 104
1703 1601
1704 371
1705 434
1706 915
1707 839
1708 960
1709 210
1710 209
1711 1047
1712 703
1713 204
1714 1109
1715 999
1716 1694
1717 1035
1718 499
1719 785
1720 147
1721 1428
1722 1387
1723 593
1724 318
1725 558
1726 790
1727 1128
1728 767
1729 71
1730 932
1731 174
1732 567
1733 1546
1734 1629
1735 1189
1736 22
1737 1609
1738 473
1739 395
1740 238
1741 668
1742 890
1743 266
1744 659
1745 395
1746 546
1747 1054
1748 203
1749 633
1750 1074
1751 712
1752 1407
1753 1664
1754 1746
1755 848
1756 922
1757 1288
1758 228
1759 1533
1760 367
1761 1178
1762 345
1763 1374
1764 1702
1765 708
1766 1109
1767 1311
1768 787
1769 990
1770 608
1771 448
1772 811
1773 134
1774 1300
1775 1008
1776 1063
1777 1709
1778 650
1779 1652
1780 765
1781 83
1782 1350
1783 132
1784 1324
1785 1216
1786 242
1787 1150
1788 33
1789 1744
1790 88
1791 1544
1792 333
1793 1300
1794 1554
1795 1183
1796 1676
1797 1
1798 656
1799 614
1800 311
1801 50
1802 1406
1803 783
1804 1591
1805 1104
1806 747
1807 1412
1808 1126
1809 416
1810 511
1811 118
1812 728
1813 1800
1814 553
1815 906
1816 1303
1817 1362
1818 543
1819 1817
1820 837
1821 586
1822 545
1823 555
1824 272
1825 772
1826 1451
1827 235
1828 872
1829 39
1830 726
1831 117
1832 956
1833 267
1834 872
1835 120
1836 1064
1837 1037
1838 242
1839 1430
1840 1676
1841 811
1842 761
1843 3
1844 920
1845 1758
1846 298
1847 1809
1848 1843
1849 185
1850 154
1851 1048
1852 1359
1853 648
1854 642
1855 1800
1856 174
1857 819
1858 1335
1859 784
1860 1215
1861 1526
1862 711
1863 1725
1864 95
1865 1812
1866 736
1867 1474
1868 1361
1869 1652
1870 1533
1871 1499
1872 753
1873 1646
1874 633
1875 1460
1876 499
1877 1114
1878 1871
1879 1321
1880 1377
1881 1607
1882 954
1883 1545
1884 741
1885 1680
1886 72
1887 480
1888 1763
1889 1505
1890 1413
1891 741
1892 307
1893 948
1894 575
1895 661
1896 499
1897 1027
1898 1512
1899 995
1900 181
1901 211
1902 957
1903 693
1904 498
1905 972
1906 1419
1907 1223
1908 129
1909 1559
1910 710
1911 1528
1912 1487
1913 506
1914 1712
1915 1294
1916 573
1917 1448
1918 1085
1919 360
1920 1817
1921 1852
1922 1322
1923 524
1924 1654
1925 1434
1926 236
1927 975
1928 482
1929 1277
1930 1547
1931 1462
1932 1405
1933 1644
1934 1915
1935 1160
1936 1717
1937 1744
1938 359
1939 1581
1940 1149
1941 1227
1942 1121
1943 1122
1944 539
1945 517
1946 48
1947 545
1948 464
1949 1685
1950 1805
1951 1106
1952 1607
1953 1592
1954 205
1955 556
1956 1310
1957 1278
1958 1409
1959 1264
1960 1782
1961 399
1962 437
1963 676
1964 278
1965 1830
1966 1935
1967 1004
1968 1904
1969 1911
1970 1934
1971 1541
1972 1725
1973 770
1974 866
1975 930
1976 1681
1977 1605
1978 1818
1979 728
1980 668
1981 1471
1982 1164
1983 751
1984 1372
1985 244
1986 261
1987 1978
1988 1370
1989 1496
1990 1378
1991 1668
1992 831
1993 945
1994 914
1995 1926
1996 893
1997 251
1998 455
1999 818
2000 1882
2001 905
2002 694
2003 1010
2004 1102
2005 1846
2006 1812
2007 940
2008 1270
2009 1772
2010 543
2011 588
2012 1292
2013 1085
2014 326
2015 117
2016 122
2017 626
2018 354
2019 1064
2020 1606
2021 405
2022 1829
2023 596
2024 1722
2025 1335
2026 1681
2027 887
2028 1441
2029 1683
2030 1646
2031 177
2032 1439
2033 81
2034 774
2035 752
2036 591
2037 31
2038 928
2039 226
2040 269
2041 1205
2042 1999
2043 879
2044 1301
2045 1124
2046 786
2047 52
2048 845
2049 694
2050 304
2051 809
2052 521
2053 982
2054 1252
2055 1144
2056 1190
2057 1568
2058 2038
2059 442
2060 1195
2061 2039
2062 390
2063 100
2064 791
2065 1324
2066 1582
2067 1722
2068 135
2069 982
2070 1332
2071 1933
2072 684
2073 2024
2074 1192
2075 1424
2076 986
2077 557
2078 811
2079 1432
2080 1411
2081 1782
2082 908
2083 1078
2084 870
2085 1268
2086 2073
2087 542
2088 685
2089 1683
2090 938
2091 1262
2092 1026
2093 985
2094 268
2095 1930
2096 1432
2097 1593
2098 1037
2099 17
2100 1287
2101 468
2102 1413
2103 1781
2104 1761
2105 538
2106 973
2107 1970
2108 1743
2109 1026
2110 1086
2111 828
2112 1958
2113 1647
2114 1509
2115 444
2116 156
2117 160
2118 1333
2119 1773
2120 2029
2121 1738
2122 1686
2123 2106
2124 326
2125 667
2126 809
2127 1242
2128 446
2129 1640
2130 1358
2131 489
2132 1083
2133 1142
2134 842
2135 412
2136 1312
2137 1884
2138 316
2139 47
2140 1786
2141 1332
2142 1647
2143 1265
2144 1725
2145 452
2146 524
2147 1307
2148 511
2149 1803
2150 2077
2151 628
2152 484
2153 1836
2154 1525
2155 1728
2156 770
2157 1215
2158 432
2159 1783
2160 1915
2161 72
2162 1283
2163 1823
2164 1088
2165 1025
2166 1811
2167 2142
2168 99
2169 594
2170 1955
2171 1495
2172 699
2173 952
2174 505
2175 698
2176 64
2177 1456
2178 2132
2179 1271
2180 719
2181 68
2182 1177
2183 1667
2184 1709
2185 2125
2186 422
2187 181
2188 1062
2189 1270
2190 454
2191 835
2192 2179
2193 1764
2194 1037
2195 331
2196 612
2197 1865
2198 294
2199 723
2200 380
2201 515
2202 201
2203 82
2204 794
2205 1020
2206 262
2207 738
2208 546
2209 664
2210 170
2211 1465
2212 1466
2213 219
2214 239
2215 1678
2216 1589
2217 2125
2218 838
2219 656
2220 383
2221 1602
2222 662
2223 1688
2224 1731
2225 1637
2226 1442
2227 146
2228 1435
2229 2103
2230 232
2231 1989
2232 228
2233 644
2234 1395
2235 1938
2236 1783
2237 1703
2238 1876
2239 1308
2240 923
2241 1468
2242 2168
2243 1990
2244 498
2245 1980
2246 156
2247 422
2248 1818
2249 416
2250 1662
2251 2050
2252 2163
2253 2049
2254 500
2255 714
2256 2173
2257 1386
2258 532
2259 2152
2260 2219
2261 1450
2262 2064
2263 1268
2264 1293
2265 977
2266 1076
2267 717
2268 419
2269 851
2270 880
2271 639
2272 2096
2273 2105
2274 1417
2275 1979
2276 1916
2277 1256
2278 335
2279 2244
2280 374
2281 554
2282 896
2283 1847
2284 1243
2285 1989
2286 595
2287 2193
2288 686
2289 1762
2290 717
2291 2043
2292 1843
2293 1809
2294 1531
2295 1194
2296 120
2297 1385
2298 1875
2299 454
2300 992
2301 998
2302 1986
2303 1889
2304 695
2305 2178
2306 388
2307 1849
2308 872
2309 1169
2310 2228
2311 1782
2312 1700
2313 531
2314 622
2315 2184
2316 1958
2317 1995
2318 690
2319 1424
2320 1177
2321 1136
2322 1416
2323 723
2324 1584
2325 197
2326 50
2327 1338
2328 190
2329 19
2330 1013
2331 2116
2332 1465
2333 1333
2334 1448
2335 1722
2336 1320
2337 1553
2338 2129
2339 1102
2340 1802
2341 1087
2342 843
2343 1204
2344 1860
2345 2031
2346 385
2347 1253
2348 2204
2349 1271
2350 351
2351 260
2352 428
2353 2168
2354 1181
2355 1531
2356 1991
2357 1172
2358 881
2359 694
2360 2155
2361 599
2362 2272
2363 1269
2364 720
2365 2151
2366 548
2367 761
2368 907
2369 1337
2370 1207
2371 775
2372 1119
2373 1195
2374 1109
2375 2185
2376 687
2377 809
2378 1913
2379 2320
2380 1300
2381 612
2382 2293
2383 486
2384 835
2385 2078
2386 698
2387 319
2388 1611
2389 773
2390 2185
2391 651
2392 2157
2393 1970
2394 2350
2395 518
2396 2176
2397 365
2398 1415
2399 1354
2400 32
2401 1870
2402 1738
2403 1054
2404 561
2405 125
2406 595
2407 288
2408 2321
2409 1440
2410 2116
2411 1152
2412 1251
2413 1934
2414 1683
2415 2352
2416 1701
2417 1585
2418 1069
2419 2333
2420 1914
2421 323
2422 1424
2423 1508
2424 1390
2425 1163
2426 1825
2427 1169
2428 1616
2429 1968
2430 1468
2431 905
2432 1465
2433 905
2434 2001
2435 1383
2436 1875
2437 574
2438 1422
2439 609
2440 2102
2441 509
2442 1345
2443 1158
2444 453
2445 431
2446 459
2447 2319
2448 977
2449 2186
2450 96
2451 2125
2452 1507
2453 55
2454 1281
2455 2189
2456 105
2457 2135
2458 1584
2459 230
2460 150
2461 2275
2462 1999
2463 968
2464 2260
2465 329
2466 474
2467 1238
2468 1292
2469 906
2470 133
2471 2428
2472 503
2473 1903
2474 1355
2475 599
2476 1120
2477 1280
2478 2217
2479 1283
2480 713
2481 1802
2482 467
2483 988
2484 1440
2485 260
2486 542
2487 1349
2488 952
2489 1739
2490 1982
2491 1210
2492 1951
2493 1910
2494 60
2495 2190
2496 1300
2497 612
2498 2437
2499 1089
2500 880
2501 322
2502 2055
2503 1242
2504 2382
2505 1402
2506 534
2507 1993
2508 2463
2509 2432
2510 354
2511 797
2512 1834
2513 2329
2514 132
2515 1349
2516 990
2517 834
2518 2018
2519 933
2520 2001
2521 2200
2522 658
2523 2427
2524 1235
2525 1916
2526 1423
2527 1789
2528 1966
2529 2151
2530 954
2531 2347
2532 987
2533 2448
2534 2483
2535 2030
2536 1248
2537 615
2538 1126
2539 258
2540 2197
2541 1759
2542 615
2543 1996
2544 1920
2545 245
2546 8
2547 755
2548 405
2549 1381
2550 2007
2551 1664
2552 244
2553 2212
2554 1105
2555 1266
2556 1829
2557 2004
2558 312
2559 2340
2560 1689
2561 1533
2562 1463
2563 1820
2564 1373
2565 2371
2566 2199
2567 1085
2568 1856
2569 2030
2570 164
2571 1449
2572 2367
2573 1610
2574 1146
2575 1876
2576 1692
2577 753
2578 1130
2579 1161
2580 1508
2581 1800
2582 1008
2583 1335
2584 1768
2585 2156
2586 1778
2587 59
2588 1765
2589 2342
2590 2361
2591 646
2592 1667
2593 1837
2594 825
2595 1777
2596 351
2597 1242
2598 2431
2599 1778
2600 287
2601 1378
2602 196
2603 2281
2604 1101
2605 2389
2606 1985
2607 2234
2608 1470
2609 912
2610 739
2611 2130
2612 2539
2613 2577
2614 1194
2615 825
2616 526
2617 1419
2618 82
2619 1399
2620 992
2621 1381
2622 2439
2623 45
2624 2385
2625 749
2626 1
2627 1531
2628 1301
2629 2245
2630 827
2631 1194
2632 2514
2633 2234
2634 1671
2635 1365
2636 2190
2637 1981
2638 1710
2639 1353
2640 339
2641 805
2642 137
2643 1989
2644 2501
2645 1104
2646 425
2647 2476
2648 2036
2649 279
2650 2561
2651 1940
2652 904
2653 2459
2654 1476
2655 2440
2656 2357
2657 1252
2658 980
2659 1096
2660 1601
2661 1701
2662 246
2663 948
2664 2223
2665 1750
2666 905
2667 901
2668 2140
2669 2232
2670 1584
2671 1410
2672 588
2673 1138
2674 1043
2675 934
2676 789
2677 1827
2678 382
2679 2461
2680 2574
2681 101
2682 625
2683 1429
2684 231
2685 893
2686 2643
2687 801
2688 0
2689 1156
2690 359
2691 1831
2692 1909
2693 1550
2694 2506
2695 2478
2696 1638
2697 2410
2698 1646
2699 2475
2700 831
2701 2218
2702 1802
2703 1736
2704 1982
2705 2511
2706 908
2707 2697
2708 703
2709 1817
2710 41
2711 264
2712 967
2713 1544
2714 1913
2715 81
2716 2336
2717 1107
2718 1214
2719 2682
2720 2468
2721 1376
2722 1599
2723 102
2724 1917
2725 1165
2726 1291
2727 498
2728 1530
2729 973
2730 1084
2731 306
2732 594
2733 376
2734 2506
2735 1633
2736 1051
2737 1186
2738 847
2739 955
2740 2126
2741 1184
2742 1627
2743 0
2744 2067
2745 1180
2746 1794
2747 36
2748 1602
2749 1981
2750 466
2751 1386
2752 1266
2753 2507
2754 2316
2755 1140
2756 2701
2757 567
2758 1224
2759 1327
2760 2587
2761 2076
2762 2558
2763 2590
2764 1150
2765 1447
2766 18
2767 1741
2768 1847
2769 442
2770 2214
2771 739
2772 2153
2773 1849
2774 662
2775 1237
2776 2586
2777 2491
2778 646
2779 2613
2780 671
2781 479
2782 468
2783 2208
2784 1935
2785 1592
2786 2537
2787 1077
2788 2613
2789 1841
2790 402
2791 521
2792 793
2793 609
2794 1671
2795 2501
2796 2334
2797 1012
2798 2187
2799 397
2800 2068
2801 1660
2802 378
2803 951
2804 2210
2805 2554
2806 764
2807 2189
2808 1515
2809 435
2810 2143
2811 1901
2812 2356
2813 1111
2814 2089
2815 202
2816 1865
2817 2712
2818 1657
2819 312
2820 2025
2821 13
2822 1748
2823 2076
2824 1826
2825 364
2826 1164
2827 1973
2828 2431
2829 2477
2830 2396
2831 744
2832 2526
2833 819
2834 265
2835 1096
2836 853
2837 1649
2838 1448
2839 980
2840 702
2841 2785
2842 2251
2843 2790
2844 1574
2845 302
2846 1871
2847 348
2848 192
2849 1175
2850 2501
2851 53
2852 103
2853 1680
2854 151
2855 2076
2856 1524
2857 1937
2858 2564
2859 2444
2860 1648
2861 1271
2862 1372
2863 1177
2864 77
2865 2151
2866 1664
2867 589
2868 1660
2869 2848
2870 1696
2871 2583
2872 1881
2873 761
2874 1179
2875 1705
2876 1301
2877 1884
2878 2165
2879 2070
2880 1871
2881 1400
2882 2487
2883 1831
2884 1632
2885 2353
2886 419
2887 1710
2888 1211
2889 112
2890 1310
2891 31
2892 844
2893 2782
2894 179
2895 1542
2896 2140
2897 2767
2898 1727
2899 1778
2900 215
2901 691
2902 2082
2903 2555
2904 353
2905 1592
2906 433
2907 2473
2908 1377
2909 1698
2910 2421
2911 61
2912 1075
2913 28
2914 1442
2915 577
2916 2118
2917 1740
2918 1408
2919 186
2920 438
2921 1475
2922 482
2923 2570
2924 864
2925 466
2926 2747
2927 1825
2928 1704
2929 2102
2930 181
2931 1207
2932 1470
2933 729
2934 290
2935 2378
2936 2374
2937 848
2938 1602
2939 159
2940 79
2941 348
2942 1232
2943 2106
2944 385
2945 2658
2946 2689
2947 627
2948 1759
2949 674
2950 194
2951 1408
2952 2818
2953 2949
2954 1242
2955 1992
2956 651
2957 1028
2958 2603
2959 149
2960 216
2961 203
2962 1316
2963 393
2964 318
2965 456
2966 1996
2967 2723
2968 1409
2969 1862
2970 787
2971 1480
2972 2578
2973 479
2974 1053
2975 170
2976 819
2977 2931
2978 1669
2979 1463
2980 2611
2981 94
2982 2316
2983 1934
2984 1969
2985 2174
2986 1425
2987 2359
2988 2646
2989 1784
2990 1899
2991 2707
2992 93
2993 312
2994 690
2995 1414
2996 1043
2997 926
2998 529
2999 407
3000 461
3001 840
3002 2001
3003 2699
3004 2036
3005 2131
3006 2991
3007 1340
3008 942
3009 2110
3010 1138
3011 1883
3012 2178
3013 1811
3014 301
3015 315
3016 2446
3017 851
3018 152
3019 2948
3020 50
3021 699
3022 2870
3023 1622
3024 784
3025 1647
3026 1586
3027 1087
3028 1613
3029 2809
3030 1943
3031 1737
3032 871
3033 2442
3034 631
3035 1549
3036 2339
3037 2849
3038 2024
3039 1905
3040 1372
3041 868
3042 558
3043 402
3044 1277
3045 2055
3046 804
3047 2576
3048 2497
3049 1180
3050 2637
3051 907
3052 2909
3053 1917
3054 715
3055 1623
3056 1248
3057 105
3058 2403
3059 530
3060 2824
3061 1275
3062 304
3063 337
3064 406
3065 1877
3066 556
3067 735
3068 1805
3069 54
3070 1851
3071 663
3072 2805
3073 553
3074 1567
3075 1823
3076 2682
3077 2403
3078 2883
3079 2127
3080 321
3081 402
3082 1147
3083 2817
3084 649
3085 3003
3086 866
3087 1373
3088 2985
3089 2032
3090 1079
3091 326
3092 3068
3093 2543
3094 2478
3095 1423
3096 2618
3097 2010
3098 1957
3099 3039
3100 2770
3101 2412
3102 2793
3103 1658
3104 2261
3105 2874
3106 3070
3107 1434
3108 2804
3109 2592
3110 3074
3111 2849
3112 290
3113 43
3114 2976
3115 1299
3116 439
3117 2652
3118 1463
3119 1479
3120 585
3121 674
3122 1177
3123 341
3124 1406
3125 1925
3126 142
3127 910
3128 1588
3129 2915
3130 476
3131 3070
3132 209
3133 637
3134 1543
3135 693
3136 2836
3137 273
3138 2530
3139 1778
3140 407
3141 2680
3142 2320
3143 1660
3144 567
3145 710
3146 1993
3147 2482
3148 2354
3149 556
3150 2988
3151 802
3152 2164
3153 2312
3154 1065
3155 137
3156 2552
3157 1291
3158 2073
3159 709
3160 2291
3161 1837
3162 1435
3163 459
3164 247
3165 1644
3166 363
3167 1901
3168 323
3169 1744
3170 2421
3171 457
3172 1493
3173 2100
3174 695
3175 595
3176 3167
3177 133
3178 2491
3179 261
3180 2836
3181 2383
3182 1282
3183 2576
3184 2648
3185 1759
3186 1629
3187 673
3188 3106
3189 2367
3190 2267
3191 1187
3192 2467
3193 2101
3194 537
3195 236
3196 346
3197 132
3198 1094
3199 2350
3200 1377
3201 2999
3202 1418
3203 1598
3204 151
3205 282
3206 2015
3207 3017
3208 2583
3209 3148
3210 2622
3211 1911
3212 2938
3213 1609
3214 1966
3215 2021
3216 2912
3217 1344
3218 2385
3219 1427
3220 2143
3221 161
3222 2321
3223 527
3224 386
3225 1962
3226 2499
3227 1920
3228 469
3229 2126
3230 1234
3231 832
3232 2216
3233 741
3234 213
3235 3153
3236 1167
3237 2878
3238 2095
3239 2967
3240 35
3241 73
3242 91
3243 1954
3244 1206
3245 130
3246 312
3247 968
3248 14
3249 353
3250 413
3251 1992
3252 1021
3253 1733
3254 1442
3255 692
3256 2458
3257 2725
3258 2200
3259 279
3260 2288
3261 308
3262 1019
3263 1641
3264 1237
3265 1260
3266 2571
3267 761
3268 1466
3269 3045
3270 1986
3271 2521
3272 3001
3273 3084
3274 2724
3275 1952
3276 3128
3277 2721
3278 2289
3279 1686
3280 3112
3281 1663
3282 25
3283 7
3284 2203
3285 1523
3286 1051
3287 1632
3288 2291
3289 2076
3290 1885
3291 1422
3292 1099
3293 1304
3294 2091
3295 1950
3296 3103
3297 313
3298 1488
3299 3282
3300 1117
3301 916
3302 1357
3303 2185
3304 1916
3305 3086
3306 629
3307 44
3308 24
3309 2696
3310 1987
3311 174
3312 1290
3313 2674
3314 2816
3315 2724
3316 2846
3317 535
3318 2601
3319 2498
3320 2674
3321 2054
3322 23
3323 500
3324 3281
3325 569
3326 693
3327 818
3328 2514
3329 1204
3330 1514
3331 695
3332 2899
3333 1448
3334 520
3335 659
3336 807
3337 3041
3338 695
3339 2266
3340 542
3341 1870
3342 1521
3343 2049
3344 1039
3345 1720
3346 2899
3347 2665
3348 2101
3349 2121
3350 1825
3351 75
3352 1408
3353 2621
3354 847
3355 2053
3356 1546
3357 510
3358 2228
3359 700
3360 2267
3361 3171
3362 1674
3363 2341
3364 3338
3365 3278
3366 3009
3367 1218
3368 2237
3369 3058
3370 805
3371 199
3372 1747
3373 754
3374 3112
3375 3250
3376 2844
3377 675
3378 1828
3379 1163
3380 2745
3381 1059
3382 2577
3383 762
3384 2783
3385 2037
3386 2593
3387 189
3388 660
3389 2419
3390 3336
3391 3299
3392 970
3393 1404
3394 2896
3395 465
3396 2283
3397 3297
3398 42
3399 2124
3400 2297
3401 3103
3402 2381
3403 1588
3404 2862
3405 2616
3406 1289
3407 1303
3408 1353
3409 2128
3410 1601
3411 1150
3412 1982
3413 2576
3414 672
3415 2809
3416 1457
3417 558
3418 1118
3419 1699
3420 3318
3421 686
3422 628
3423 2869
3424 2896
3425 1617
3426 182
3427 260
3428 2423
3429 370
3430 202
3431 455
3432 2281
3433 1184
3434 2986
3435 1004
3436 3352
3437 2907
3438 378
3439 1317
3440 132
3441 3167
3442 2123
3443 947
3444 2481
3445 766
3446 1907
3447 1299
3448 2804
3449 2578
3450 532
3451 1392
3452 327
3453 3097
3454 2257
3455 2321
3456 1471
3457 3144
3458 2248
3459 2392
3460 3044
3461 1148
3462 1763
3463 917
3464 2575
3465 1593
3466 2100
3467 1650
3468 629
3469 1644
3470 940
3471 1902
3472 728
3473 393
3474 1810
3475 2055
3476 3303
3477 932
3478 1863
3479 68
3480 32
3481 3103
3482 2198
3483 2100
3484 12
3485 180
3486 1375
3487 201
3488 3340
3489 2816
3490 506
3491 3227
3492 131
3493 2458
3494 796
3495 3223
3496 1089
3497 760
3498 2858
3499 692
3500 1827
3501 178
3502 2844
3503 1726
3504 2112
3505 2907
3506 757
3507 3123
3508 2890
3509 2203
3510 2150
3511 1822
3512 2532
3513 675
3514 3021
3515 2170
3516 888
3517 416
3518 1107
3519 1623
3520 2314
3521 1725
3522 2013
3523 1552
3524 679
3525 35
3526 142
3527 357
3528 3390
3529 1795
3530 761
3531 611
3532 586
3533 2732
3534 2058
3535 1961
3536 1946
3537 722
3538 3178
3539 2147
3540 3
3541 2333
3542 2105
3543 2959
3544 3380
3545 2805
3546 2529
3547 1975
3548 2031
3549 2030
3550 2642
3551 1529
3552 1608
3553 1101
3554 891
3555 2803
3556 2374
3557 1254
3558 1620
3559 1994
3560 500
3561 379
3562 1812
3563 844
3564 920
3565 2405
3566 3159
3567 2155
3568 1390
3569 2572
3570 894
3571 2284
3572 1220
3573 1019
3574 2103
3575 3167
3576 2913
3577 2031
3578 318
3579 807
3580 2381
3581 1290
3582 3191
3583 745
3584 1774
3585 1411
3586 2984
3587 2851
3588 1652
3589 901
3590 118
3591 756
3592 1592
3593 2094
3594 1954
3595 3374
3596 2192
3597 2631
3598 3329
3599 192
3600 690
3601 1970
3602 2966
3603 3294
3604 869
3605 2763
3606 300
3607 1924
3608 2593
3609 3073
3610 3401
3611 2596
3612 3419
3613 1008
3614 1763
3615 1471
3616 3361
3617 833
3618 971
3619 3450
3620 1327
3621 1680
3622 307
3623 3275
3624 2140
3625 936
3626 1520
3627 1935
3628 1390
3629 2184
3630 973
3631 2934
3632 323
3633 1507
3634 1924
3635 1057
3636 2850
3637 694
3638 1149
3639 691
3640 2747
3641 3274
3642 1886
3643 1083
3644 558
3645 3296
3646 3195
3647 665
3648 2120
3649 62
3650 1875
3651 1352
3652 3018
3653 3231
3654 2536
3655 1949
3656 616
3657 11
3658 2191
3659 3501
3660 3514
3661 2438
3662 2205
3663 2232
3664 1110
3665 747
3666 796
3667 1679
3668 2001
3669 18
3670 2466
3671 404
3672 2011
3673 2248
3674 1177
3675 997
3676 2063
3677 3550
3678 448
3679 2483
3680 3176
3681 2015
3682 3596
3683 2187
3684 3660
3685 754
3686 1957
3687 329
3688 3200
3689 2341
3690 1957
3691 2493
3692 237
3693 2028
3694 1236
3695 2977
3696 3596
3697 1307
3698 1722
3699 1684
3700 3403
3701 1519
3702 285
3703 3263
3704 2884
3705 462
3706 533
3707 1812
3708 436
3709 3199
3710 3617
3711 298
3712 414
3713 213
3714 3085
3715 2871
3716 1229
3717 1911
3718 2755
3719 1254
3720 132
3721 2139
3722 1539
3723 0
3724 706
3725 997
3726 1463
3727 137
3728 59
3729 822
3730 2288
3731 57
3732 3730
3733 847
3734 2078
3735 3514
3736 1340
3737 268
3738 3400
3739 766
3740 283
3741 2264
3742 2290
3743 1147
3744 3002
3745 2768
3746 704
3747 2813
3748 3554
3749 1430
3750 2017
3751 3698
3752 2936
3753 1645
3754 3049
3755 3247
3756 1938
3757 3558
3758 2357
3759 2486
3760 451
3761 1682
3762 2155
3763 302
3764 179
3765 2518
3766 351
3767 3384
3768 3023
3769 2965
3770 2805
3771 2054
3772 3080
3773 1389
3774 2326
3775 2805
3776 1576
3777 285
3778 787
3779 506
3780 2198
3781 347
3782 3291
3783 1601
3784 2679
3785 2429
3786 1480
3787 2747
3788 826
3789 776
3790 846
3791 498
3792 570
3793 3205
3794 2425
3795 1944
3796 3538
3797 3493
3798 1113
3799 3399
3800 89
3801 1020
3802 2658
3803 968
3804 3776
3805 3022
3806 2515
3807 1388
3808 429
3809 3199
3810 2892
3811 1138
3812 435
3813 1165
3814 3810
3815 786
3816 2134
3817 1840
3818 1537
3819 1841
3820 2081
3821 223
3822 3640
3823 162
3824 2482
3825 1307
3826 3070
3827 434
3828 1295
3829 332
3830 3422
3831 3440
3832 1692
3833 2227
3834 802
3835 3176
3836 1360
3837 3524
3838 2496
3839 3216
3840 3657
3841 352
3842 1744
3843 3531
3844 306
3845 2698
3846 951
3847 3063
3848 1320
3849 2224
3850 3249
3851 2495
3852 2372
3853 2963
3854 620
3855 1822
3856 3274
3857 754
3858 487
3859 357
3860 2267
3861 528
3862 3304
3863 325
3864 1653
3865 391
3866 1776
3867 1092
3868 2075
3869 2279
3870 787
3871 1935
3872 1004
3873 1940
3874 2179
3875 3575
3876 2163
3877 1332
3878 2904
3879 547
3880 3437
3881 272
3882 3433
3883 1077
3884 2561
3885 2001
3886 799
3887 1173
3888 2784
3889 10
3890 3226
3891 1280
3892 449
3893 184
3894 2833
3895 1955
3896 1560
3897 306
3898 1128
3899 283
3900 1979
3901 2668
3902 1871
3903 1608
3904 15
3905 2995
3906 2579
3907 3851
3908 2270
3909 1956
3910 3554
3911 1938
3912 1076
3913 3175
3914 338
3915 519
3916 1300
3917 2678
3918 2601
3919 785
3920 1207
3921 2815
3922 3019
3923 3571
3924 2208
3925 3568
3926 1942
3927 1579
3928 1186
3929 2718
3930 131
3931 80
3932 354
3933 3022
3934 2898
3935 2790
3936 3713
3937 1115
3938 17
3939 2762
3940 1185
3941 3593
3942 2659
3943 492
3944 3499
3945 3818
3946 1989
3947 3528
3948 430
3949 3206
3950 3379
3951 3446
3952 936
3953 3667
3954 3317
3955 3002
3956 1684
3957 2947
3958 2666
3959 2402
3960 3672
3961 2059
3962 674
3963 3246
3964 1293
3965 3523
3966 2857
3967 3750
3968 3440
3969 2331
3970 3884
3971 3315
3972 3094
3973 3605
3974 3499
3975 3620
3976 2228
3977 2392
3978 2192
3979 222
3980 1160
3981 1994
3982 2305
3983 3055
3984 2059
3985 1770
3986 3450
3987 3769
3988 774
3989 3736
3990 1108
3991 3877
3992 598
3993 592
3994 2495
3995 2933
3996 3327
3997 2400
3998 2797
3999 3078
4000 2153
4001 421
4002 12
4003 2747
4004 2496
4005 3878
4006 3250
4007 2531
4008 2538
4009 3207
4010 575
4011 3896
4012 2261
4013 170
4014 2953
4015 865
4016 2907
4017 1141
4018 1964
4019 298
4020 3489
4021 2629
4022 2956
4023 1241
4024 2186
4025 2667
4026 115
4027 2015
4028 1374
4029 742
4030 3665
4031 3314
4032 3897
4033 2608
4034 1145
4035 3194
4036 3508
4037 140
4038 2372
4039 459
4040 2888
4041 3728
4042 11
4043 3495
4044 1175
4045 707
4046 1419
4047 225
4048 997
4049 1995
4050 3516
4051 779
4052 2897
4053 2951
4054 2455
4055 1366
4056 2355
4057 185
4058 2122
4059 828
4060 446
4061 320
4062 508
4063 935
4064 2125
4065 2008
4066 1898
4067 3257
4068 2803
4069 1066
4070 343
4071 152
4072 2443
4073 62
4074 3421
4075 2649
4076 1825
4077 1397
4078 2531
4079 416
4080 4061
4081 2342
4082 2906
4083 570
4084 2816
4085 3112
4086 4079
4087 1035
4088 1484
4089 3237
4090 2469
4091 2088
4092 658
4093 1122
4094 2819
4095 3625
4096 898
4097 570
4098 2101
4099 3574
4100 815
4101 213
4102 998
4103 2072
4104 691
4105 1562
4106 1776
4107 727
4108 2971
4109 2408
4110 275
4111 402
4112 723
4113 3392
4114 1019
4115 3259
4116 3261
4117 1014
4118 2638
4119 1304
4120 576
4121 563
4122 3047
4123 1783
4124 3790
4125 4073
4126 2645
4127 1841
4128 1685
4129 502
4130 1394
4131 3307
4132 3567
4133 1168
4134 2605
4135 1590
4136 2906
4137 1910
4138 2225
4139 920
4140 3004
4141 399
4142 3723
4143 2040
4144 782
4145 1100
4146 1265
4147 1766
4148 1221
4149 76
4150 1459
4151 2892
4152 1705
4153 312
4154 442
4155 2413
4156 2408
4157 3217
4158 2951
4159 582
4160 3967
4161 1205
4162 270
4163 448
4164 386
4165 267
4166 500
4167 1429
4168 1380
4169 931
4170 3213
4171 2719
4172 4063
4173 2433
4174 2005
4175 942
4176 3674
4177 3320
4178 3358
4179 3641
4180 3752
4181 666
4182 1170
4183 3725
4184 4024
4185 538
4186 2392
4187 95
4188 41
4189 4178
4190 2718
4191 1434
4192 3415
4193 3352
4194 2929
4195 2431
4196 3735
4197 3424
4198 2156
4199 2936
4200 509
4201 3256
4202 1692
4203 2237
4204 2233
4205 4113
4206 2144
4207 1213
4208 2566
4209 3442
4210 888
4211 2904
4212 3936
4213 825
4214 3689
4215 809
4216 3618
4217 4108
4218 714
4219 897
4220 3497
4221 2515
4222 434
4223 1665
4224 3674
4225 3323
4226 2218
4227 1326
4228 388
4229 1284
4230 377
4231 3408
4232 3449
4233 170
4234 1464
4235 1998
4236 547
4237 3312
4238 768
4239 1636
4240 4055
4241 3778
4242 2917
4243 3611
4244 3080
4245 3095
4246 3957
4247 3435
4248 1780
4249 1102
4250 3064
4251 108
4252 2690
4253 273
4254 238
4255 1690
4256 2650
4257 336
4258 1002
4259 882
4260 2601
4261 3006
4262 3536
4263 2260
4264 605
4265 3482
4266 1985
4267 4086
4268 3709
4269 2676
4270 75
4271 4008
4272 4253
4273 3519
4274 2738
4275 1202
4276 42
4277 260
4278 1718
4279 2662
4280 2656
4281 3741
4282 1377
4283 2175
4284 3278
4285 2928
4286 752
4287 1066
4288 1306
4289 4083
4290 3257
4291 1558
4292 1883
4293 2334
4294 601
4295 2391
4296 1350
4297 138
4298 1156
4299 1310
4300 195
4301 3237
4302 3132
4303 2616
4304 3770
4305 2859
4306 2297
4307 2363
4308 2340
4309 1945
4310 3691
4311 259
4312 1758
4313 2631
4314 1108
4315 4213
4316 2094
4317 1761
4318 2978
4319 2896
4320 4030
4321 3041
4322 3053
4323 30
4324 1799
4325 3131
4326 1344
4327 3416
4328 3938
4329 353
4330 2308
4331 2200
4332 3632
4333 2629
4334 1890
4335 3088
4336 1602
4337 2469
4338 789
4339 1648
4340 2586
4341 481
4342 3308
4343 2235
4344 2800
4345 1436
4346 4246
4347 1630
4348 1874
4349 3060
4350 2676
4351 2269
4352 2788
4353 4141
4354 1657
4355 1726
4356 1049
4357 2342
4358 81
4359 1804
4360 2698
4361 3258
4362 11
4363 1912
4364 3297
4365 1349
4366 1995
4367 63
4368 1530
4369 1007
4370 2960
4371 1683
4372 1601
4373 3385
4374 3257
4375 555
4376 2755
4377 2495
4378 866
4379 349
4380 1112
4381 1930
4382 3560
4383 3075
4384 142
4385 2927
4386 1460
4387 1147
4388 1457
4389 2723
4390 3682
4391 2162
4392 1394
4393 92
4394 2317
4395 2340
4396 3260
4397 1444
4398 3284
4399 3669
4400 2527
4401 3233
4402 2021
4403 2749
4404 1153
4405 525
4406 3598
4407 1125
4408 146
4409 4068
4410 2258
4411 3701
4412 3942
4413 3539
4414 1263
4415 1951
4416 3405
4417 1110
4418 1235
4419 2990
4420 1596
4421 2754
4422 2390
4423 1260
4424 2321
4425 377
4426 1676
4427 51
4428 2373
4429 1739
4430 1641
4431 3694
4432 167
4433 2916
4434 3829
4435 4189
4436 4044
4437 3353
4438 2792
4439 4066
4440 3576
4441 3669
4442 475
4443 2838
4444 3110
4445 614
4446 0
4447 917
4448 1164
4449 2669
4450 364
4451 1468
4452 317
4453 1572
4454 155
4455 3783
4456 4100
4457 3347
4458 2838
4459 314
4460 556
4461 1110
4462 1067
4463 2555
4464 8
4465 3980
4466 2784
4467 1636
4468 2607
4469 376
4470 341
4471 2882
4472 631
4473 1068
4474 10
4475 417
4476 330
4477 1159
4478 3958
4479 1370
4480 2622
4481 546
4482 3081
4483 1822
4484 2431
4485 3313
4486 2481
4487 4046
4488 1181
4489 3233
4490 2036
4491 1208
4492 446
4493 1258
4494 3641
4495 1016
4496 561
4497 1328
4498 1123
4499 1303
4500 4056
4501 3762
4502 1501
4503 3916
4504 3461
4505 403
4506 2795
4507 3968
4508 881
4509 4048
4510 4097
4511 2646
4512 452
4513 1849
4514 1415
4515 2734
4516 1204
4517 3609
4518 4379
4519 243
4520 3667
4521 3346
4522 3930
4523 1325
4524 1499
4525 3074
4526 1607
4527 3600
4528 3408
4529 1090
4530 1138
4531 2611
4532 2832
4533 948
4534 2534
4535 525
4536 1862
4537 536
4538 2822
4539 260
4540 3501
4541 1945
4542 4404
4543 2015
4544 2680
4545 3806
4546 471
4547 4524
4548 1568
4549 2332
4550 3056
4551 1703
4552 2192
4553 3941
4554 80
4555 2084
4556 2168
4557 1130
4558 2555
4559 1709
4560 4262
4561 3432
4562 561
4563 3761
4564 3203
4565 2482
4566 2853
4567 1098
4568 21
4569 4149
4570 1971
4571 2340
4572 269
4573 1928
4574 3669
4575 3430
4576 181
4577 2631
4578 4380
4579 2882
4580 387
4581 3886
4582 685
4583 2348
4584 122
4585 1647
4586 3735
4587 232
4588 2617
4589 2368
4590 2024
4591 1242
4592 1047
4593 3984
4594 4533
4595 1800
4596 2097
4597 2475
4598 1512
4599 1506
4600 4206
4601 3816
4602 3717
4603 464
4604 2675
4605 2428
4606 1159
4607 4139
4608 2692
4609 3667
4610 1646
4611 1999
4612 124
4613 1463
4614 125
4615 3401
4616 3608
4617 2485
4618 3337
4619 136
4620 4586
4621 1621
4622 3776
4623 1186
4624 2355
4625 150
4626 85
4627 319
4628 565
4629 170
4630 1236
4631 2448
4632 2822
4633 2632
4634 3568
4635 3433
4636 1754
4637 4313
4638 1762
4639 873
4640 4597
4641 4267
4642 919
4643 4594
4644 4338
4645 4223
4646 1448
4647 2599
4648 4443
4649 2421
4650 1188
4651 862
4652 1485
4653 122
4654 544
4655 1789
4656 2304
4657 3276
4658 3501
4659 866
4660 3615
4661 1016
4662 777
4663 3439
4664 2111
4665 943
4666 2949
4667 2881
4668 2466
4669 10
4670 2320
4671 3394
4672 136
4673 3329
4674 935
4675 3815
4676 1695
4677 3611
4678 3610
4679 630
4680 2672
4681 1572
4682 3233
4683 1412
4684 977
4685 981
4686 2610
4687 4407
4688 141
4689 1025
4690 3253
4691 1571
4692 2788
4693 1534
4694 1009
4695 190
4696 2345
4697 2759
4698 4588
4699 4323
4700 949
4701 2645
4702 3970
4703 3541
4704 4514
4705 290
4706 2978
4707 862
4708 1039
4709 1844
4710 843
4711 3548
4712 883
4713 2047
4714 1897
4715 991
4716 4615
4717 4290
4718 3756
4719 3679
4720 2208
4721 1756
4722 1450
4723 4002
4724 3325
4725 4104
4726 1288
4727 3202
4728 4392
4729 3937
4730 2781
4731 2615
4732 548
4733 2877
4734 2997
4735 666
4736 163
4737 2898
4738 201
4739 1278
4740 3386
4741 68
4742 985
4743 3393
4744 3674
4745 984
4746 3205
4747 740
4748 2337
4749 4022
4750 1091
4751 1378
4752 2582
4753 516
4754 2957
4755 3302
4756 2384
4757 3424
4758 4387
4759 2442
4760 3760
4761 7
4762 1573
4763 4560
4764 1177
4765 655
4766 2833
4767 3421
4768 1515
4769 4343
4770 464
4771 1776
4772 3752
4773 142
4774 26
4775 158
4776 2071
4777 4322
4778 2029
4779 4501
4780 937
4781 3938
4782 1216
4783 4615
4784 4738
4785 412
4786 3234
4787 4670
4788 4458
4789 2047
4790 2941
4791 766
4792 250
4793 3920
4794 4359
4795 3112
4796 2606
4797 192
4798 4235
4799 2016
4800 2492
4801 1138
4802 1009
4803 406
4804 954
4805 867
4806 3252
4807 4607
4808 302
4809 1766
4810 3436
4811 1144
4812 3589
4813 2380
4814 3526
4815 3811
4816 2147
4817 1384
4818 359
4819 3485
4820 3278
4821 3469
4822 2267
4823 1605
4824 4039
4825 1796
4826 4774
4827 4407
4828 4427
4829 4675
4830 2489
4831 2287
4832 2494
4833 916
4834 2052
4835 4395
4836 3674
4837 1023
4838 4207
4839 199
4840 150
4841 814
4842 4460
4843 37
4844 2842
4845 890
4846 4829
4847 3088
4848 19
4849 2394
4850 667
4851 371
4852 1801
4853 1230
4854 939
4855 3122
4856 3667
4857 1234
4858 2348
4859 4487
4860 1392
4861 717
4862 4337
4863 765
4864 2118
4865 3927
4866 3362
4867 3122
4868 2566
4869 1562
4870 2823
4871 4271
4872 712
4873 476
4874 4650
4875 332
4876 1144
4877 436
4878 1824
4879 4077
4880 2551
4881 2236
4882 4717
4883 244
4884 4153
4885 4527
4886 602
4887 1645
4888 3036
4889 2776
4890 2406
4891 309
4892 4010
4893 1132
4894 4303
4895 3984
4896 3037
4897 4062
4898 3207
4899 1836
4900 1730
4901 344
4902 4575
4903 1469
4904 1436
4905 4215
4906 2674
4907 158
4908 4328
4909 3323
4910 2553
4911 2680
4912 2082
4913 2032
4914 3415
4915 4830
4916 1117
4917 4251
4918 3076
4919 1180
4920 2067
4921 3310
4922 511
4923 2526
4924 4712
4925 2241
4926 3518
4927 2967
4928 724
4929 884
4930 3285
4931 4357
4932 4464
4933 2112
4934 759
4935 3556
4936 4405
4937 2362
4938 704
4939 2242
4940 2351
4941 775
4942 1371
4943 694
4944 3315
4945 829
4946 4671
4947 3418
4948 2272
4949 1226
4950 1351
4951 3573
4952 4781
4953 4574
4954 3231
4955 1408
4956 2242
4957 27
4958 471
4959 3698
4960 4147
4961 512
4962 3800
4963 2663
4964 1978
4965 3380
4966 1019
4967 2839
4968 3701
4969 526
4970 2810
4971 3272
4972 3194
4973 2365
4974 1649
4975 2621
4976 1227
4977 1345
4978 2370
4979 1655
4980 2534
4981 3020
4982 4412
4983 3370
4984 4063
4985 678
4986 199
4987 1677
4988 1074
4989 3939
4990 253
4991 3099
4992 694
4993 2284
4994 1090
4995 4884
4996 1142
4997 4682
4998 3528
4999 604
5000 2607
5001 4015
5002 1787
5003 2082
5004 1456
5005 3293
5006 3916
5007 2985
5008 429
5009 4142
5010 3433
5011 2408
5012 4471
5013 3926
5014 803
5015 3018
5016 2970
5017 4934
5018 1296
5019 4024
5020 133
5021 1908
5022 1277
5023 4891
5024 3727
5025 51
5026 1671
5027 4798
5028 1740
5029 4033
5030 2510
5031 3198
5032 2396
5033 4038
5034 3682
5035 1630
5036 3377
5037 4278
5038 675
5039 4735
5040 2671
5041 3881
5042 2973
5043 2617
5044 360
5045 2511
5046 3551
5047 2680
5048 481
5049 2399
5050 3983
5051 3463
5052 1926
5053 2134
5054 3258
5055 3547
5056 1770
5057 4066
5058 4703
5059 3358
5060 4527
5061 4419
5062 3604
5063 976
5064 2989
5065 513
5066 311
5067 3610
5068 4397
5069 515
5070 1506
5071 4336
5072 2298
5073 3874
5074 1351
5075 1549
5076 773
5077 3187
5078 2458
5079 1715
5080 3182
5081 2946
5082 2951
5083 4964
5084 138
5085 3464
5086 4147
5087 2419
5088 4438
5089 4957
5090 333
5091 2151
5092 639
5093 3483
5094 2468
5095 2606
5096 4055
5097 1955
5098 3399
5099 3646
5100 5093
5101 2887
5102 2542
5103 1055
5104 3002
5105 825
5106 3739
5107 2400
5108 3515
5109 4292
5110 4472
5111 5037
5112 688
5113 2609
5114 2727
5115 2354
5116 3074
5117 2526
5118 2517
5119 934
5120 4101
5121 2681
5122 350
5123 482
5124 596
5125 2953
5126 2701
5127 2310
5128 1408
5129 1884
5130 11
5131 4632
5132 1422
5133 1846
5134 2014
5135 3203
5136 3594
5137 4232
5138 2346
5139 3753
5140 2386
5141 4425
5142 1242
5143 1947
5144 2890
5145 4932
5146 3397
5147 4626
5148 4803
5149 4120
5150 2213
5151 4399
5152 3092
5153 2721
5154 3569
5155 2521
5156 4250
5157 1547
5158 5033
5159 3650
5160 3887
5161 5143
5162 1837
5163 3961
5164 2783
5165 4479
5166 3949
5167 4652
5168 3821
5169 1369
5170 880
5171 1388
5172 3008
5173 3287
5174 418
5175 845
5176 2582
5177 2603
5178 2847
5179 4297
5180 468
5181 1231
5182 3930
5183 581
5184 725
5185 4715
5186 4923
5187 3784
5188 4227
5189 1104
5190 4328
5191 2958
5192 4064
5193 593
5194 1108
5195 547
5196 2323
5197 1634
5198 2151
5199 3678
5200 945
5201 296
5202 1224
5203 2446
5204 3646
5205 3024
5206 1249
5207 2361
5208 891
5209 1827
5210 2733
5211 1950
5212 1041
5213 497
5214 731
5215 2051
5216 1508
5217 3341
5218 1285
5219 4228
5220 3042
5221 2165
5222 3782
5223 3972
5224 1964
5225 3169
5226 4065
5227 1145
5228 1708
5229 3717
5230 4894
5231 2304
5232 920
5233 3674
5234 1944
5235 350
5236 2156
5237 5055
5238 1112
5239 3529
5240 1448
5241 2745
5242 3783
5243 3007
5244 4672
5245 4228
5246 2298
5247 4314
5248 1184
5249 886
5250 1919
5251 4036
5252 1872
5253 1390
5254 4680
5255 3412
5256 4713
5257 4583
5258 2224
5259 745
5260 651
5261 3362
5262 1463
5263 4095
5264 810
5265 956
5266 3075
5267 4052
5268 4951
5269 1768
5270 890
5271 2268
5272 767
5273 4785
5274 2166
5275 441
5276 4958
5277 4141
5278 2915
5279 1026
5280 3443
5281 3155
5282 144
5283 120
5284 677
5285 4528
5286 2978
5287 2171
5288 1506
5289 3802
5290 4272
5291 3162
5292 4612
5293 1987
5294 3771
5295 1796
5296 1571
5297 2270
5298 3077
5299 4879
5300 3819
5301 387
5302 2043
5303 4038
5304 619
5305 5235
5306 2304
5307 347
5308 4473
5309 4608
5310 2448
5311 177
5312 929
5313 3947
5314 2939
5315 420
5316 3686
5317 4798
5318 126
5319 2370
5320 4275
5321 4196
5322 2936
5323 3520
5324 1114
5325 841
5326 3262
5327 4814
5328 4101
5329 4077
5330 4893
5331 4444
5332 3214
5333 2504
5334 1297
5335 4988
5336 3809
5337 311
5338 4785
5339 720
5340 1826
5341 2732
5342 5216
5343 1438
5344 3530
5345 4681
5346 3555
5347 5000
5348 2647
5349 3542
5350 2250
5351 1394
5352 2263
5353 1793
5354 4973
5355 4410
5356 329
5357 1176
5358 2935
5359 4017
5360 463
5361 3450
5362 4971
5363 88
5364 3062
5365 3179
5366 3431
5367 250
5368 3620
5369 5029
5370 5056
5371 2575
5372 5292
5373 343
5374 4507
5375 3218
5376 2422
5377 951
5378 4562
5379 3614
5380 2157
5381 4600
5382 3490
5383 888
5384 2334
5385 3703
5386 5213
5387 3642
5388 3846
5389 2012
5390 364
5391 3810
5392 1819
5393 1215
5394 4771
5395 1970
5396 3571
5397 2992
5398 4388
5399 3382
5400 3590
5401 2169
5402 3413
5403 1832
5404 2667
5405 4303
5406 1559
5407 4097
5408 3946
5409 4390
5410 3939
5411 960
5412 2413
5413 1710
5414 3364
5415 1186
5416 534
5417 4774
5418 4698
5419 2769
5420 1006
5421 2375
5422 2412
5423 1429
5424 3142
5425 5060
5426 503
5427 4353
5428 2943
5429 1836
5430 1566
5431 2374
5432 1804
5433 563
5434 2263
5435 2528
5436 1111
5437 4701
5438 4172
5439 2967
5440 1103
5441 2652
5442 406
5443 1109
5444 3754
5445 1597
5446 3551
5447 2072
5448 3701
5449 4111
5450 3898
5451 103
5452 1496
5453 1487
5454 2506
5455 1724
5456 106
5457 39
5458 1514
5459 3765
5460 5096
5461 110
5462 5386
5463 2747
5464 4124
5465 4423
5466 5013
5467 1187
5468 4842
5469 5267
5470 304
5471 4357
5472 5193
5473 2805
5474 3497
5475 4880
5476 1676
5477 3974
5478 4831
5479 1390
5480 2703
5481 4877
5482 715
5483 5136
5484 3239
5485 2303
5486 146
5487 410
5488 4605
5489 190
5490 2541
5491 1046
5492 4143
5493 469
5494 4337
5495 3625
5496 2734
5497 4870
5498 1892
5499 1657
5500 5268
5501 2303
5502 1512
5503 4437
5504 3901
5505 2316
5506 1674
5507 609
5508 3072
5509 4580
5510 3884
5511 2876
5512 2791
5513 3640
5514 3975
5515 3829
5516 2465
5517 2296
5518 5433
5519 2108
5520 1435
5521 2210
5522 456
5523 1161
5524 1469
5525 5379
5526 711
5527 1250
5528 3515
5529 3086
5530 2984
5531 10
5532 3788
5533 484
5534 2918
5535 3785
5536 5143
5537 2273
5538 3686
5539 4068
5540 5151
5541 2783
5542 4726
5543 5194
5544 3856
5545 2596
5546 4018
5547 3513
5548 2565
5549 294
5550 1385
5551 2307
5552 4457
5553 4414
5554 3778
5555 5152
5556 3211
5557 3609
5558 1116
5559 1189
5560 4976
5561 11
5562 3901
5563 4196
5564 2394
5565 2849
5566 4187
5567 1919
5568 4334
5569 2097
5570 384
5571 462
5572 2854
5573 4293
5574 2150
5575 3874
5576 3361
5577 4661
5578 1128
5579 4538
5580 2215
5581 2873
5582 2702
5583 1806
5584 1281
5585 3318
5586 19
5587 1871
5588 150
5589 82
5590 4730
5591 3292
5592 2020
5593 3904
5594 404
5595 2631
5596 2867
5597 5102
5598 2523
5599 1336
5600 4538
5601 2302
5602 3293
5603 4471
5604 4007
5605 5019
5606 3409
5607 1202
5608 2123
5609 692
5610 926
5611 3476
5612 1273
5613 1032
5614 874
5615 1737
5616 4314
5617 1078
5618 1769
5619 3722
5620 2457
5621 1745
5622 2309
5623 1956
5624 1531
5625 2659
5626 2443
5627 525
5628 2040
5629 139
5630 360
5631 3381
5632 1838
5633 5169
5634 1793
5635 1381
5636 216
5637 4626
5638 2153
5639 5617
5640 3485
5641 5548
5642 4539
5643 3487
5644 2406
5645 5346
5646 5359
5647 1908
5648 3472
5649 3347
5650 2817
5651 5224
5652 5544
5653 5168
5654 4896
5655 2896
5656 2196
5657 5419
5658 2141
5659 748
5660 5213
5661 4122
5662 2280
5663 4021
5664 2594
5665 2240
5666 5144
5667 3824
5668 5296
5669 859
5670 3426
5671 1894
5672 2943
5673 239
5674 2890
5675 4708
5676 993
5677 4490
5678 5050
5679 2357
5680 1097
5681 4967
5682 4426
5683 3760
5684 4389
5685 2391
5686 3273
5687 1934
5688 5585
5689 4912
5690 3132
5691 4479
5692 1149
5693 55
5694 171
5695 5053
5696 2631
5697 2062
5698 166
5699 2405
5700 3599
5701 3721
5702 1374
5703 5172
5704 3271
5705 4562
5706 3785
5707 1234
5708 5617
5709 4426
5710 4756
5711 3587
5712 5195
5713 5673
5714 635
5715 1268
5716 1315
5717 3808
5718 1222
5719 2487
5720 4308
5721 727
5722 3014
5723 4846
5724 4926
5725 803
5726 5423
5727 4863
5728 2314
5729 2514
5730 4528
5731 1923
5732 3516
5733 4254
5734 81
5735 511
5736 343
5737 89
5738 4359
5739 3357
5740 3562
5741 5454
5742 4288
5743 1216
5744 376
5745 1929
5746 2611
5747 3752
5748 5480
5749 5079
5750 5284
5751 2339
5752 4727
5753 3868
5754 5644
5755 1304
5756 5712
5757 4305
5758 456
5759 2577
5760 2530
5761 997
5762 5244
5763 4756
5764 2190
5765 4169
5766 3694
5767 2829
5768 511
5769 5573
5770 3679
5771 1526
5772 2920
5773 1662
5774 2189
5775 3454
5776 5146
5777 4064
5778 1494
5779 206
5780 5140
5781 648
5782 621
5783 3048
5784 2278
5785 5565
5786 1589
5787 3246
5788 4560
5789 2801
5790 5531
5791 4682
5792 2353
5793 2616
5794 702
5795 2397
5796 4926
5797 3947
5798 4765
5799 718
5800 2611
5801 3293
5802 1198
5803 5710
5804 5023
5805 1153
5806 780
5807 5284
5808 5501
5809 1506
5810 5010
5811 5630
5812 263
5813 967
5814 4250
5815 5623
5816 4916
5817 2417
5818 990
5819 4053
5820 2325
5821 3056
5822 691
5823 4806
5824 1574
5825 5005
5826 5387
5827 3653
5828 4814
5829 4200
5830 2113
5831 4090
5832 5630
5833 2419
5834 419
5835 2904
5836 1996
5837 1355
5838 1482
5839 3746
5840 5197
5841 466
5842 73
5843 4397
5844 4386
5845 3606
5846 957
5847 1953
5848 3060
5849 1917
5850 5344
5851 5087
5852 4390
5853 3517
5854 3500
5855 2699
5856 4398
5857 4750
5858 1731
5859 3451
5860 2039
5861 193
5862 266
5863 3723
5864 1103
5865 4887
5866 1121
5867 5627
5868 1122
5869 5735
5870 691
5871 5409
5872 2245
5873 624
5874 3358
5875 3640
5876 1377
5877 4433
5878 81
5879 2477
5880 3685
5881 5427
5882 4137
5883 2505
5884 783
5885 3402
5886 4985
5887 1104
5888 5052
5889 5202
5890 4913
5891 1829
5892 2145
5893 3657
5894 419
5895 2721
5896 4064
5897 1205
5898 966
5899 5515
5900 2152
5901 1535
5902 2649
5903 5771
5904 3986
5905 4639
5906 517
5907 5615
5908 4851
5909 5163
5910 2378
5911 3558
5912 868
5913 3858
5914 2332
5915 2056
5916 3079
5917 2778
5918 1012
5919 451
5920 5411
5921 2526
5922 4897
5923 3564
5924 3337
5925 3905
5926 4534
5927 5284
5928 2818
5929 1117
5930 949
5931 2151
5932 397
5933 812
5934 462
5935 5651
5936 5740
5937 791
5938 3187
5939 798
5940 1992
5941 4228
5942 4750
5943 2045
5944 1830
5945 2804
5946 4855
5947 2141
5948 2493
5949 2148
5950 3329
5951 1695
5952 3523
5953 3966
5954 1300
5955 2382
5956 4424
5957 3776
5958 180
5959 5025
5960 63
5961 1213
5962 2943
5963 755
5964 4237
5965 1872
5966 5278
5967 4790
5968 4550
5969 3182
5970 2266
5971 207
5972 5067
5973 5713
5974 5003
5975 3651
5976 2459
5977 433
5978 5230
5979 5736
5980 4835
5981 5459
5982 3258
5983 4788
5984 4829
5985 2350
5986 937
5987 3240
5988 5969
5989 5408
5990 5196
5991 2291
5992 793
5993 2445
5994 2
5995 2991
5996 5702
5997 1279
5998 2163
5999 5570
6000 3316
6001 155
6002 824
6003 584
6004 231
6005 1626
6006 1179
6007 1054
6008 6001
6009 1206
6010 2036
6011 2523
6012 2524
6013 5065
6014 3426
6015 1163
6016 4720
6017 4427
6018 2421
6019 127
6020 5190
6021 1268
6022 3777
6023 1383
6024 4257
6025 1800
6026 5
6027 4257
6028 1803
6029 5273
6030 1971
6031 5827
6032 733
6033 1017
6034 2026
6035 375
6036 1271
6037 339
6038 5263
6039 1385
6040 1038
6041 360
6042 2372
6043 5303
6044 5069
6045 3248
6046 2615
6047 741
6048 2469
6049 4244
6050 2624
6051 4637
6052 5923
6053 4959
6054 1595
6055 4544
6056 5095
6057 428
6058 5153
6059 4829
6060 22
6061 5690
6062 4900
6063 5465
6064 1806
6065 860
6066 2665
6067 4338
6068 5954
6069 4414
6070 3782
6071 24
6072 4799
6073 2445
6074 2822
6075 32
6076 4720
6077 986
6078 3794
6079 269
6080 1424
6081 3220
6082 308
6083 74
6084 2702
6085 2911
6086 76
6087 5313
6088 1952
6089 3470
6090 1797
6091 3773
6092 4117
6093 1950
6094 5067
6095 2013
6096 1358
6097 5690
6098 5766
6099 2318
6100 6033
6101 4513
6102 2658
6103 2661
6104 596
6105 3929
6106 5211
6107 3162
6108 4172
6109 2674
6110 150
6111 78
6112 1584
6113 5620
6114 3126
6115 3360
6116 1998
6117 2390
6118 4261
6119 2045
6120 2259
6121 4678
6122 2495
6123 2511
6124 3605
6125 5191
6126 1787
6127 1840
6128 6122
6129 5787
6130 3674
6131 4858
6132 3554
6133 1572
6134 5055
6135 3877
6136 4319
6137 1620
6138 1110
6139 3370
6140 4524
6141 32
6142 3146
6143 3863
6144 3485
6145 4295
6146 4643
6147 598
6148 1586
6149 3269
6150 4953
6151 3091
6152 3684
6153 2464
6154 5738
6155 3410
6156 5682
6157 2403
6158 2851
6159 3937
6160 1191
6161 5418
6162 1328
6163 5588
6164 5196
6165 5756
6166 2148
6167 3283
6168 100
6169 1130
6170 5454
6171 5352
6172 3764
6173 536
6174 3465
6175 5179
6176 4366
6177 2065
6178 561
6179 463
6180 4211
6181 3201
6182 3923
6183 4949
6184 6094
6185 1676
6186 1245
6187 195
6188 4218
6189 1139
6190 576
6191 1632
6192 250
6193 3346
6194 4542
6195 3239
6196 6049
6197 1907
6198 3750
6199 2109
6200 4996
6201 2147
6202 4653
6203 4002
6204 3263
6205 1803
6206 1308
6207 4572
6208 1068
6209 3713
6210 3509
6211 5170
6212 3249
6213 2368
6214 1098
6215 2776
6216 5254
6217 3707
6218 2291
6219 1690
6220 5460
6221 3685
6222 5206
6223 3309
6224 364
6225 1438
6226 15
6227 6025
6228 2419
6229 2306
6230 122
6231 4737
6232 3153
6233 3011
6234 3661
6235 2231
6236 81
6237 5949
6238 2764
6239 3862
6240 3006
6241 1756
6242 4816
6243 6063
6244 2721
6245 3193
6246 5746
6247 1957
6248 4921
6249 1341
6250 2302
6251 4150
6252 1074
6253 2795
6254 596
6255 16
6256 389
6257 122
6258 4216
6259 2192
6260 4720
6261 2046
6262 282
6263 4942
6264 1779
6265 374
6266 3979
6267 945
6268 4699
6269 873
6270 1242
6271 1690
6272 2508
6273 5875
6274 3572
6275 3731
6276 3320
6277 2379
6278 6088
6279 3326
6280 267
6281 953
6282 1731
6283 974
6284 2434
6285 1653
6286 109
6287 6267
6288 771
6289 3369
6290 5276
6291 5142
6292 2079
6293 3401
6294 937
6295 3850
6296 5433
6297 587
6298 2284
6299 5995
6300 4338
6301 2912
6302 1860
6303 3811
6304 971
6305 4426
6306 2307
6307 325
6308 3067
6309 3609
6310 4206
6311 4263
6312 2677
6313 1689
6314 4043
6315 1704
6316 1271
6317 935
6318 3617
6319 4958
6320 2107
6321 6266
6322 1525
6323 2837
6324 4052
6325 708
6326 6029
6327 253
6328 5810
6329 692
6330 3632
6331 4322
6332 243
6333 6233
6334 1956
6335 4575
6336 2406
6337 1846
6338 6098
6339 888
6340 6255
6341 3697
6342 4160
6343 2066
6344 3060
6345 392
6346 2932
6347 2140
6348 802
6349 2639
6350 418
6351 176
6352 3579
6353 1538
6354 2489
6355 6198
6356 6095
6357 5713
6358 4321
6359 3737
6360 1989
6361 1143
6362 761
6363 6139
6364 810
6365 4701
6366 2153
6367 6130
6368 5000
6369 3291
6370 2524
6371 2257
6372 6105
6373 1806
6374 4340
6375 4663
6376 246
6377 1465
6378 4052
6379 3076
6380 2438
6381 2487
6382 2878
6383 4393
6384 6314
6385 821
6386 3444
6387 5876
6388 617
6389 1759
6390 1948
6391 2304
6392 6177
6393 1
6394 2068
6395 1310
6396 4471
6397 3935
6398 264
6399 2648
6400 4567
6401 4274
6402 1228
6403 1728
6404 3085
6405 1138
6406 4089
6407 3183
6408 1491
6409 5202
6410 360
6411 323
6412 3788
6413 5923
6414 5257
6415 3905
6416 3965
6417 1964
6418 223
6419 5527
6420 2410
6421 144
6422 6221
6423 5564
6424 3843
6425 4293
6426 1519
6427 4610
6428 1527
6429 4247
6430 5424
6431 6163
6432 3558
6433 3956
6434 1337
6435 4729
6436 5717
6437 3419
6438 2958
6439 1471
6440 853
6441 3603
6442 5268
6443 3658
6444 3043
6445 5937
6446 4127
6447 115
6448 6442
6449 5195
6450 433
6451 3725
6452 76
6453 2063
6454 476
6455 3084
6456 1438
6457 4967
6458 3001
6459 2898
6460 3891
6461 2019
6462 2684
6463 23
6464 4751
6465 4898
6466 4908
6467 4716
6468 4783
6469 404
6470 962
6471 4592
6472 1453
6473 5424
6474 4225
6475 2879
6476 3527
6477 3622
6478 4671
6479 2976
6480 4193
6481 5440
6482 3741
6483 1073
6484 2301
6485 3327
6486 6207
6487 1012
6488 5046
6489 1459
6490 4001
6491 1436
6492 4161
6493 2530
6494 178
6495 2640
6496 3206
6497 497
6498 6404
6499 3484
6500 1293
6501 171
6502 4962
6503 4933
6504 1973
6505 2709
6506 6075
6507 1288
6508 1357
6509 5740
6510 5687
6511 1468
6512 6076
6513 414
6514 867
6515 3881
6516 6221
6517 5237
6518 689
6519 4129
6520 4390
6521 2776
6522 1503
6523 634
6524 773
6525 3341
6526 4334
6527 406
6528 2079
6529 618
6530 5761
6531 4146
6532 1904
6533 6296
6534 3830
6535 4531
6536 21
6537 2017
6538 4715
6539 3429
6540 832
6541 98
6542 44
6543 3076
6544 4290
6545 1745
6546 5435
6547 1530
6548 34
6549 1274
6550 401
6551 5104
6552 1574
6553 4931
6554 4831
6555 2878
6556 2759
6557 5637
6558 6387
6559 3313
6560 6208
6561 2926
6562 5587
6563 4253
6564 140
6565 4393
6566 1331
6567 5118
6568 3629
6569 1596
6570 2897
6571 1053
6572 3055
6573 5589
6574 5376
6575 425
6576 384
6577 2076
6578 162
6579 3950
6580 3140
6581 3734
6582 2973
6583 4619
6584 414
6585 5012
6586 2948
6587 1806
6588 3529
6589 1484
6590 3615
6591 2879
6592 3429
6593 132
6594 3776
6595 4105
6596 886
6597 4121
6598 6044
6599 4945
6600 6283
6601 4073
6602 1379
6603 2902
6604 3981
6605 6477
6606 210
6607 1357
6608 4143
6609 1922
6610 3487
6611 5203
6612 2469
6613 138
6614 6205
6615 1320
6616 1010
6617 3616
6618 1127
6619 686
6620 5697
6621 4129
6622 154
6623 5391
6624 6416
6625 4518
6626 1343
6627 2768
6628 6597
6629 4866
6630 5683
6631 2254
6632 1520
6633 543
6634 17
6635 2181
6636 6487
6637 4372
6638 3025
6639 665
6640 6044
6641 1588
6642 1644
6643 5786
6644 2212
6645 1056
6646 3183
6647 6403
6648 3363
6649 4174
6650 5905
6651 3009
6652 6119
6653 5889
6654 4073
6655 5180
6656 5640
6657 4917
6658 6503
6659 2488
6660 945
6661 3853
6662 4425
6663 6391
6664 2641
6665 106
6666 5715
6667 4861
6668 4154
6669 3977
6670 4683
6671 4990
6672 1842
6673 2406
6674 5878
6675 28
6676 2484
6677 1048
6678 4724
6679 926
6680 3898
6681 1704
6682 1350
6683 4307
6684 4644
6685 4729
6686 2160
6687 5424
6688 2237
6689 4559
6690 6127
6691 1640
6692 1885
6693 2105
6694 799
6695 138
6696 5209
6697 5129
6698 766
6699 1359
6700 2058
6701 3051
6702 5365
6703 2280
6704 2941
6705 5510
6706 3301
6707 2172
6708 2127
6709 4559
6710 411
6711 1714
6712 5513
6713 2351
6714 1664
6715 6438
6716 4367
6717 6279
6718 6012
6719 40
6720 1653
6721 3175
6722 517
6723 539
6724 3204
6725 5372
6726 6401
6727 5959
6728 3202
6729 3021
6730 1484
6731 3476
6732 1760
6733 5771
6734 4924
6735 5835
6736 3416
6737 2050
6738 3507
6739 567
6740 1928
6741 1408
6742 6724
6743 5470
6744 6702
6745 864
6746 2058
6747 744
6748 6277
6749 582
6750 4557
6751 2267
6752 5500
6753 5799
6754 6289
6755 5603
6756 3056
6757 6492
6758 6188
6759 2777
6760 1628
6761 6521
6762 6493
6763 4948
6764 5892
6765 4109
6766 5843
6767 6692
6768 3765
6769 5395
6770 639
6771 3167
6772 3906
6773 2683
6774 1521
6775 5885
6776 3895
6777 1470
6778 5163
6779 613
6780 5895
6781 5527
6782 1195
6783 2651
6784 6010
6785 6640
6786 5584
6787 1468
6788 3594
6789 1611
6790 2034
6791 1661
6792 4820
6793 3728
6794 5330
6795 1900
6796 4226
6797 3881
6798 4514
6799 3171
6800 2114
6801 2466
6802 2474
6803 6673
6804 5318
6805 6325
6806 3314
6807 952
6808 4522
6809 4610
6810 2195
6811 2228
6812 2310
6813 5109
6814 1472
6815 2840
6816 3589
6817 310
6818 911
6819 1742
6820 3903
6821 178
6822 328
6823 3276
6824 1988
6825 3137
6826 3283
6827 1013
6828 2359
6829 3702
6830 2443
6831 354
6832 3002
6833 6449
6834 34
6835 362
6836 1040
6837 5552
6838 5137
6839 1490
6840 4388
6841 3539
6842 3022
6843 6256
6844 5523
6845 2559
6846 132
6847 5880
6848 3564
6849 925
6850 3347
6851 750
6852 3342
6853 114
6854 6442
6855 4190
6856 1390
6857 6210
6858 5885
6859 896
6860 4983
6861 356
6862 3979
6863 819
6864 2295
6865 1719
6866 2431
6867 5682
6868 6250
6869 1885
6870 5252
6871 5509
6872 1447
6873 411
6874 5724
6875 5559
6876 2685
6877 2239
6878 4705
6879 5721
6880 277
6881 717
6882 6184
6883 5263
6884 3734
6885 4343
6886 5130
6887 425
6888 6146
6889 6058
6890 6151
6891 2346
6892 2269
6893 1544
6894 6235
6895 1285
6896 4318
6897 3625
6898 6803
6899 3014
6900 1603
6901 5900
6902 83
6903 2924
6904 5054
6905 5035
6906 2149
6907 757
6908 6008
6909 2721
6910 923
6911 5169
6912 6604
6913 4535
6914 6556
6915 5466
6916 3396
6917 5448
6918 1422
6919 5060
6920 852
6921 6128
6922 5444
6923 5207
6924 6194
6925 2278
6926 5747
6927 3401
6928 4946
6929 4052
6930 3689
6931 5626
6932 362
6933 2686
6934 6053
6935 3479
6936 275
6937 1153
6938 2574
6939 1515
6940 1076
6941 927
6942 5972
6943 6450
6944 6632
6945 5441
6946 6736
6947 3295
6948 6352
6949 2097
6950 5139
6951 4420
6952 3232
6953 2691
6954 4582
6955 2202
6956 2460
6957 3325
6958 1493
6959 561
6960 4598
6961 4468
6962 2713
6963 1549
6964 3736
6965 2454
6966 6788
6967 6785
6968 2488
6969 6277
6970 525
6971 4660
6972 3208
6973 3953
6974 6422
6975 1722
6976 2857
6977 1913
6978 5362
6979 6752
6980 6508
6981 5358
6982 5507
6983 2511
6984 2820
6985 6483
6986 3747
6987 233
6988 5429
6989 741
6990 978
6991 6853
6992 2778
6993 5127
6994 4574
6995 4306
6996 6232
6997 1932
6998 4696
6999 1302
7000 163
7001 4712
7002 2141
7003 3940
7004 3135
7005 3356
7006 2324
7007 3627
7008 4328
7009 5299
7010 139
7011 1556
7012 482
7013 5116
7014 3312
7015 3797
7016 3962
7017 3002
7018 3423
7019 259
7020 5575
7021 1308
7022 1289
7023 660
7024 6351
7025 3254
7026 1114
7027 2364
7028 2279
7029 3984
7030 2023
7031 5674
7032 4276
7033 4380
7034 104
7035 5172
7036 3258
7037 6663
7038 3019
7039 2403
7040 3118
7041 1727
7042 3474
7043 905
7044 2437
7045 5693
7046 3430
7047 5349
7048 3929
7049 2446
7050 4820
7051 2668
7052 3741
7053 3258
7054 6119
7055 6272
7056 1702
7057 6630
7058 6723
7059 2589
7060 719
7061 1865
7062 2453
7063 2941
7064 3541
7065 2760
7066 3328
7067 1667
7068 6177
7069 278
7070 5915
7071 6490
7072 1719
7073 3236
7074 1603
7075 5774
7076 5091
7077 5383
7078 4012
7079 4614
7080 424
7081 2383
7082 3047
7083 4866
7084 1241
7085 2676
7086 5446
7087 976
7088 6713
7089 4256
7090 1545
7091 2790
7092 5985
7093 4865
7094 4191
7095 2388
7096 1326
7097 4810
7098 5579
7099 1815
7100 2621
7101 3023
7102 1363
7103 2548
7104 6845
7105 5687
7106 6593
7107 2504
7108 2813
7109 5827
7110 3327
7111 663
7112 7003
7113 6168
7114 3787
7115 634
7116 1522
7117 4252
7118 138
7119 6880
7120 2589
7121 2508
7122 863
7123 3280
7124 4071
7125 1340
7126 5968
7127 46
7128 2960
7129 4538
7130 6226
7131 6243
7132 2387
7133 2517
7134 1150
7135 1977
7136 4374
7137 6094
7138 3476
7139 4597
7140 7037
7141 5477
7142 6999
7143 6574
7144 550
7145 154
7146 6240
7147 5380
7148 210
7149 2240
7150 6497
7151 6904
7152 5637
7153 3623
7154 5056
7155 4536
7156 3545
7157 6424
7158 3852
7159 6425
7160 1729
7161 2070
7162 1419
7163 6331
7164 1355
7165 2217
7166 3310
7167 2627
7168 128
7169 881
7170 510
7171 6978
7172 5813
7173 6607
7174 2574
7175 5575
7176 327
7177 5664
7178 505
7179 4834
7180 2767
7181 265
7182 1583
7183 5433
7184 7175
7185 3348
7186 2272
7187 1792
7188 3707
7189 250
7190 2228
7191 4063
7192 7156
7193 1470
7194 7097
7195 5163
7196 4210
7197 330
7198 3349
7199 5652
7200 509
7201 5939
7202 1809
7203 6034
7204 518
7205 6396
7206 3312
7207 3204
7208 4257
7209 5834
7210 4750
7211 6171
7212 1590
7213 1135
7214 2753
7215 5484
7216 5026
7217 2130
7218 6797
7219 4950
7220 2098
7221 2234
7222 4920
7223 1766
7224 1683
7225 1103
7226 6507
7227 423
7228 904
7229 4570
7230 2782
7231 4962
7232 5450
7233 6374
7234 3804
7235 6549
7236 798
7237 5194
7238 6149
7239 2069
7240 414
7241 326
7242 5209
7243 2625
7244 5633
7245 6860
7246 2205
7247 6497
7248 4773
7249 4590
7250 6694
7251 5848
7252 3105
7253 4390
7254 1911
7255 4998
7256 7192
7257 4566
7258 2834
7259 1449
7260 2597
7261 417
7262 2731
7263 5791
7264 3281
7265 6326
7266 526
7267 1504
7268 7070
7269 681
7270 5401
7271 1576
7272 6462
7273 3843
7274 5186
7275 6719
7276 1918
7277 4434
7278 6854
7279 1795
7280 1245
7281 7256
7282 4068
7283 285
7284 392
7285 2416
7286 2466
7287 4370
7288 4901
7289 3680
7290 3055
7291 1539
7292 5076
7293 3589
7294 6563
7295 7109
7296 2653
7297 6688
7298 1472
7299 2240
7300 4829
7301 5337
7302 243
7303 2269
7304 6873
7305 1499
7306 2475
7307 3836
7308 3121
7309 759
7310 5636
7311 3238
7312 6267
7313 5677
7314 6629
7315 1293
7316 6917
7317 1160
7318 7006
7319 5464
7320 2474
7321 5653
7322 1248
7323 4500
7324 3148
7325 4415
7326 3936
7327 4356
7328 6619
7329 4112
7330 560
7331 2041
7332 5570
7333 5958
7334 558
7335 2140
7336 1589
7337 101
7338 5917
7339 5485
7340 6131
7341 2858
7342 4278
7343 1430
7344 45
7345 4183
7346 1425
7347 4265
7348 1052
7349 4999
7350 5416
7351 6754
7352 5424
7353 3363
7354 1539
7355 3160
7356 3986
7357 4662
7358 4974
7359 3687
7360 3359
7361 6005
7362 4735
7363 2225
7364 3093
7365 4434
7366 3549
7367 796
7368 7022
7369 5177
7370 2925
7371 1433
7372 6504
7373 5169
7374 5769
7375 4390
7376 3068
7377 1813
7378 2134
7379 242
7380 7160
7381 5003
7382 259
7383 159
7384 1130
7385 7054
7386 606
7387 3170
7388 3461
7389 5631
7390 5665
7391 5688
7392 2246
7393 4362
7394 3945
7395 1113
7396 1581
7397 2142
7398 950
7399 5330
7400 1738
7401 5222
7402 1077
7403 3636
7404 6746
7405 4155
7406 6134
7407 2374
7408 6070
7409 4234
7410 2441
7411 4888
7412 6495
7413 4972
7414 2913
7415 5788
7416 2624
7417 3249
7418 4662
7419 4648
7420 3685
7421 208
7422 639
7423 4055
7424 3844
7425 2521
7426 1881
7427 2131
7428 2272
7429 6092
7430 352
7431 3286
7432 4605
7433 4176
7434 4939
7435 2378
7436 6823
7437 7075
7438 305
7439 360
7440 4902
7441 1542
7442 3180
7443 3757
7444 6963
7445 4120
7446 2757
7447 2545
7448 4181
7449 6009
7450 1902
7451 7190
7452 4621
7453 6053
7454 6010
7455 5746
7456 2389
7457 5637
7458 968
7459 6011
7460 549
7461 3199
7462 6283
7463 7163
7464 4695
7465 7408
7466 5420
7467 2213
7468 7238
7469 5821
7470 4879
7471 6470
7472 6287
7473 1433
7474 2263
7475 6516
7476 4234
7477 465
7478 5262
7479 545
7480 4436
7481 7153
7482 4359
7483 2988
7484 2357
7485 4653
7486 5304
7487 2835
7488 1857
7489 1651
7490 1974
7491 7354
7492 130
7493 6884
7494 3075
7495 4278
7496 5909
7497 1188
7498 142
7499 2458
7500 4584
7501 2584
7502 4102
7503 4289
7504 364
7505 546
7506 82
7507 5386
7508 7184
7509 696
7510 793
7511 5178
7512 1218
7513 1866
7514 1433
7515 3248
7516 899
7517 584
7518 3813
7519 3535
7520 5515
7521 3738
7522 5295
7523 5918
7524 5285
7525 2629
7526 4656
7527 2020
7528 4048
7529 1659
7530 1226
7531 2277
7532 5537
7533 847
7534 4051
7535 2405
7536 5246
7537 1965
7538 5253
7539 3191
7540 347
7541 6736
7542 7479
7543 1918
7544 5427
7545 3484
7546 1749
7547 5098
7548 2324
7549 4461
7550 1431
7551 6600
7552 1143
7553 4220
7554 2000
7555 5914
7556 6860
7557 6560
7558 4743
7559 6130
7560 4739
7561 5951
7562 5784
7563 6462
7564 1234
7565 3865
7566 1597
7567 65
7568 1501
7569 3372
7570 3415
7571 3930
7572 4593
7573 5492
7574 4922
7575 5464
7576 4344
7577 5666
7578 7226
7579 5134
7580 7101
7581 4731
7582 4525
7583 1774
7584 3911
7585 6507
7586 5688
7587 4000
7588 2382
7589 3171
7590 7144
7591 4121
7592 4591
7593 5479
7594 6757
7595 5936
7596 122
7597 261
7598 6577
7599 994
7600 2206
7601 4542
7602 1438
7603 5544
7604 1174
7605 7254
7606 3135
7607 7095
7608 6535
7609 5823
7610 1817
7611 3343
7612 2509
7613 287
7614 5683
7615 2594
7616 5036
7617 5210
7618 2857
7619 6627
7620 7095
7621 7092
7622 4255
7623 3255
7624 7255
7625 6201
7626 1119
7627 6597
7628 5375
7629 997
7630 4533
7631 4186
7632 751
7633 1732
7634 5757
7635 6655
7636 5963
7637 3599
7638 3775
7639 6111
7640 4292
7641 7074
7642 7314
7643 1219
7644 858
7645 985
7646 3493
7647 4869
7648 979
7649 3635
7650 1181
7651 6727
7652 6345
7653 6610
7654 6068
7655 6358
7656 2633
7657 82
7658 3431
7659 6596
7660 5613
7661 2419
7662 871
7663 3881
7664 3156
7665 1573
7666 5961
7667 6545
7668 6625
7669 4688
7670 5693
7671 3280
7672 7496
7673 7296
7674 3179
7675 5029
7676 2080
7677 3255
7678 6410
7679 4414
7680 6561
7681 1539
7682 4270
7683 3014
7684 88
7685 288
7686 2822
7687 2725
7688 7224
7689 424
7690 289
7691 7296
7692 1652
7693 230
7694 5467
7695 6952
7696 2896
7697 5252
7698 396
7699 1155
7700 6124
7701 2567
7702 6271
7703 522
7704 1597
7705 6526
7706 5746
7707 4432
7708 6395
7709 5890
7710 6189
7711 210
7712 4608
7713 1015
7714 196
7715 6177
7716 1501
7717 4766
7718 7205
7719 7221
7720 2777
7721 3481
7722 1442
7723 645
7724 208
7725 1420
7726 2848
7727 6390
7728 3613
7729 16
7730 4019
7731 4872
7732 848
7733 7265
7734 4048
7735 3203
7736 6583
7737 1012
7738 6029
7739 7017
7740 4937
7741 806
7742 6584
7743 6502
7744 7045
7745 3975
7746 2874
7747 235
7748 1810
7749 2703
7750 1516
7751 3717
7752 7642
7753 6141
7754 1556
7755 5660
7756 2275
7757 1793
7758 3600
7759 2748
7760 1953
7761 7161
7762 6695
7763 6506
7764 2216
7765 6938
7766 2934
7767 5932
7768 3212
7769 7590
7770 4371
7771 3204
7772 685
7773 6189
7774 6598
7775 3651
7776 2900
7777 3564
7778 6252
7779 2430
7780 6342
7781 1430
7782 723
7783 2538
7784 100
7785 5441
7786 2638
7787 5612
7788 237
7789 2355
7790 3657
7791 3966
7792 6890
7793 6679
7794 2333
7795 3494
7796 7586
7797 3843
7798 6832
7799 7493
7800 7580
7801 4431
7802 6427
7803 7736
7804 6034
7805 7247
7806 5041
7807 5010
7808 5769
7809 5405
7810 1564
7811 2292
7812 2011
7813 4387
7814 2669
7815 1138
7816 1076
7817 7184
7818 1591
7819 5465
7820 6599
7821 5027
7822 3950
7823 7634
7824 5241
7825 5862
7826 2760
7827 3454
7828 3264
7829 2822
7830 1300
7831 80
7832 4172
7833 189
7834 6785
7835 6938
7836 5544
7837 1217
7838 3768
7839 1932
7840 3074
7841 4369
7842 1202
7843 6851
7844 6527
7845 7586
7846 2463
7847 3161
7848 63
7849 7463
7850 4600
7851 119
7852 2317
7853 4020
7854 5373
7855 2780
7856 7542
7857 6787
7858 7479
7859 6041
7860 3701
7861 2084
7862 5778
7863 2667
7864 6203
7865 3220
7866 2096
7867 7175
7868 3725
7869 5637
7870 4476
7871 7773
7872 7008
7873 6759
7874 2626
7875 240
7876 931
7877 2994
7878 3893
7879 1550
7880 4852
7881 736
7882 1378
7883 5743
7884 4805
7885 23
7886 3001
7887 7223
7888 455
7889 7125
7890 387
7891 5531
7892 935
7893 6978
7894 959
7895 650
7896 3599
7897 6037
7898 535
7899 6655
7900 5975
7901 3843
7902 6294
7903 7355
7904 4567
7905 6522
7906 6390
7907 4257
7908 3085
7909 4318
7910 4815
7911 2102
7912 6598
7913 3956
7914 5886
7915 2295
7916 1529
7917 7280
7918 230
7919 6877
7920 7762
7921 6507
7922 914
7923 6931
7924 7491
7925 5069
7926 4717
7927 6097
7928 7078
7929 1586
7930 1906
7931 7456
7932 3406
7933 4487
7934 2775
7935 822
7936 5022
7937 3264
7938 5984
7939 6000
7940 6841
7941 6504
7942 33
7943 7804
7944 5564
7945 5548
7946 4162
7947 315
7948 1649
7949 2623
7950 844
7951 570
7952 7861
7953 7507
7954 580
7955 4097
7956 768
7957 259
7958 7051
7959 6999
7960 249
7961 191
7962 1739
7963 6936
7964 2722
7965 2967
7966 6390
7967 2065
7968 6256
7969 4434
7970 6545
7971 7286
7972 6655
7973 500
7974 588
7975 7472
7976 243
7977 5011
7978 4338
7979 6588
7980 3018
7981 2444
7982 1471
7983 6143
7984 3378
7985 894
7986 7947
7987 328
7988 7244
7989 5221
7990 2707
7991 4219
7992 4499
7993 4413
7994 352
7995 56
7996 7227
7997 2384
7998 7134
7999 2783
8000 1651
8001 3866
8002 663
8003 2559
8004 1743
8005 7175
8006 1342
8007 2806
8008 1242
8009 2531
8010 2337
8011 1370
8012 5003
8013 3249
8014 949
8015 6292
8016 22
8017 4597
8018 7330
8019 7921
8020 1964
8021 6083
8022 3760
8023 6735
8024 3316
8025 4064
8026 6457
8027 6202
8028 6028
8029 4640
8030 7527
8031 2091
8032 607
8033 2440
8034 2091
8035 3956
8036 4372
8037 6332
8038 4642
8039 3214
8040 2756
8041 3596
8042 5191
8043 4520
8044 2032
8045 6481
8046 3222
8047 6094
8048 5083
8049 4334
8050 7702
8051 5889
8052 769
8053 2225
8054 4075
8055 565
8056 6717
8057 1731
8058 1692
8059 7685
8060 7166
8061 1288
8062 5864
8063 4844
8064 5699
8065 7319
8066 2289
8067 271
8068 5410
8069 3084
8070 3645
8071 5101
8072 5896
8073 6364
8074 4671
8075 994
8076 7300
8077 4028
8078 6057
8079 3293
8080 891
8081 1803
8082 5268
8083 7567
8084 1410
8085 5462
8086 2471
8087 3935
8088 3795
8089 645
8090 3792
8091 3165
8092 7608
8093 4371
8094 6394
8095 2558
8096 3223
8097 2971
8098 4968
8099 6396
8100 7849
8101 7921
8102 413
8103 1666
8104 6103
8105 6538
8106 462
8107 5839
8108 1394
8109 5834
8110 2753
8111 7585
8112 2368
8113 3316
8114 199
8115 3726
8116 884
8117 7697
8118 5022
8119 206
8120 6608
8121 2244
8122 1926
8123 4110
8124 6808
8125 1757
8126 2353
8127 1633
8128 1103
8129 3208
8130 4650
8131 4579
8132 7734
8133 2302
8134 3535
8135 2379
8136 4937
8137 2385
8138 1504
8139 6377
8140 2719
8141 6676
8142 6032
8143 2698
8144 4644
8145 7752
8146 7668
8147 6932
8148 721
8149 4109
8150 1289
8151 6977
8152 6815
8153 2452
8154 83
8155 3373
8156 5606
8157 5297
8158 7165
8159 125
8160 3530
8161 4932
8162 4285
8163 1765
8164 4293
8165 148
8166 3584
8167 3772
8168 365
8169 1260
8170 7428
8171 7599
8172 5756
8173 3441
8174 28
8175 6076
8176 5812
8177 3935
8178 2871
8179 5632
8180 4599
8181 4236
8182 7736
8183 6578
8184 1529
8185 2442
8186 2771
8187 1385
8188 7345
8189 4351
8190 7531
8191 792
8192 2519
8193 365
8194 717
8195 4633
8196 8161
8197 6937
8198 5261
8199 3103
8200 7842
8201 4529
8202 2231
8203 6477
8204 1300
8205 4366
8206 5977
8207 4543
8208 2762
8209 7308
8210 761
8211 1651
8212 6869
8213 4114
8214 2025
8215 4477
8216 7953
8217 3738
8218 6925
8219 1903
8220 2
8221 4967
8222 7953
8223 6328
8224 3948
8225 2232
8226 6877
8227 7294
8228 6408
8229 6325
8230 3703
8231 1961
8232 6260
8233 1317
8234 3286
8235 1950
8236 7007
8237 5700
8238 2515
8239 1096
8240 5261
8241 7874
8242 7792
8243 6610
8244 6377
8245 6681
8246 4424
8247 7500
8248 1587
8249 8065
8250 7158
8251 1781
8252 5114
8253 7731
8254 2140
8255 3205
8256 2050
8257 325
8258 610
8259 7830
8260 2511
8261 5352
8262 4299
8263 3295
8264 4249
8265 7660
8266 5923
8267 1067
8268 5021
8269 4151
8270 1582
8271 788
8272 1488
8273 5933
8274 7260
8275 5577
8276 2296
8277 7668
8278 6066
8279 6120
8280 3184
8281 3526
8282 1548
8283 2329
8284 7833
8285 4998
8286 134
8287 758
8288 1338
8289 639
8290 7567
8291 2815
8292 4243
8293 6730
8294 2232
8295 7810
8296 2287
8297 6797
8298 1403
8299 3995
8300 2661
8301 3002
8302 151
8303 3134
8304 4446
8305 5875
8306 3268
8307 3286
8308 2380
8309 2949
8310 8307
8311 505
8312 7172
8313 4154
8314 3890
8315 5268
8316 6243
8317 23
8318 6279
8319 2694
8320 2118
8321 4264
8322 7455
8323 5977
8324 2202
8325 7553
8326 7730
8327 3127
8328 7877
8329 1280
8330 2216
8331 3768
8332 1627
8333 2850
8334 4702
8335 4806
8336 7971
8337 5033
8338 2874
8339 7083
8340 7529
8341 6447
8342 1683
8343 1009
8344 7983
8345 1036
8346 4544
8347 7254
8348 953
8349 7381
8350 8063
8351 3979
8352 1539
8353 5281
8354 2244
8355 7289
8356 1234
8357 3584
8358 6094
8359 7366
8360 1616
8361 2063
8362 5260
8363 911
8364 6503
8365 4299
8366 2331
8367 5475
8368 5700
8369 2072
8370 7396
8371 6571
8372 1012
8373 2924
8374 4741
8375 99
8376 4008
8377 3128
8378 6273
8379 4581
8380 8009
8381 7003
8382 7713
8383 3811
8384 694
8385 187
8386 2780
8387 3541
8388 5471
8389 5968
8390 99
8391 7684
8392 5572
8393 4616
8394 5136
8395 6993
8396 7831
8397 589
8398 4831
8399 1337
8400 3341
8401 2617
8402 7941
8403 1461
8404 6077
8405 7766
8406 2577
8407 7341
8408 3551
8409 2468
8410 775
8411 2938
8412 4024
8413 8137
8414 7568
8415 2886
8416 3977
8417 786
8418 655
8419 2914
8420 2095
8421 531
8422 7051
8423 4701
8424 1397
8425 2471
8426 7893
8427 4584
8428 828
8429 6187
8430 5738
8431 332
8432 1328
8433 7934
8434 7165
8435 2014
8436 827
8437 8430
8438 566
8439 1267
8440 8164
8441 6670
8442 3391
8443 2527
8444 6449
8445 5710
8446 3488
8447 3315
8448 1980
8449 7341
8450 6962
8451 6986
8452 202
8453 5599
8454 5680
8455 4556
8456 3916
8457 3997
8458 1962
8459 154
8460 4784
8461 5950
8462 6577
8463 4529
8464 232
8465 5480
8466 1256
8467 6728
8468 2428
8469 7474
8470 6309
8471 5995
8472 5612
8473 6364
8474 5446
8475 426
8476 1918
8477 2701
8478 587
8479 6107
8480 256
8481 7352
8482 2076
8483 5943
8484 3358
8485 5104
8486 6952
8487 2994
8488 6515
8489 4929
8490 7844
8491 8147
8492 5313
8493 2698
8494 3656
8495 7142
8496 7056
8497 3244
8498 899
8499 3989
8500 4863
8501 7803
8502 6834
8503 4174
8504 5309
8505 7417
8506 8195
8507 4461
8508 5214
8509 6727
8510 7579
8511 2999
8512 4493
8513 7683
8514 4922
8515 6904
8516 2625
8517 4808
8518 2732
8519 987
8520 2439
8521 1619
8522 6176
8523 7551
8524 1143
8525 7632
8526 4821
8527 4655
8528 6803
8529 484
8530 5786
8531 5331
8532 1671
8533 8194
8534 2190
8535 3714
8536 152
8537 3534
8538 4459
8539 456
8540 5698
8541 5490
8542 4320
8543 717
8544 239
8545 4081
8546 692
8547 5762
8548 7644
8549 2008
8550 2313
8551 6638
8552 3354
8553 3924
8554 4912
8555 5413
8556 5153
8557 915
8558 8118
8559 45
8560 7842
8561 2225
8562 316
8563 697
8564 2980
8565 7372
8566 1559
8567 7566
8568 6742
8569 589
8570 1154
8571 3380
8572 8482
8573 4204
8574 6755
8575 1774
8576 804
8577 7339
8578 3813
8579 2483
8580 3432
8581 3995
8582 5382
8583 8562
8584 6343
8585 3450
8586 5675
8587 8121
8588 6868
8589 2547
8590 3737
8591 6278
8592 538
8593 449
8594 2409
8595 4773
8596 2660
8597 7211
8598 8131
8599 7821
8600 7976
8601 7493
8602 5876
8603 2983
8604 6396
8605 4367
8606 2387
8607 3501
8608 5164
8609 5505
8610 2040
8611 7440
8612 7164
8613 5434
8614 5015
8615 6184
8616 1704
8617 7929
8618 3696
8619 1019
8620 7297
8621 5655
8622 632
8623 10
8624 4955
8625 2963
8626 1777
8627 5167
8628 7987
8629 428
8630 7096
8631 8223
8632 5326
8633 2605
8634 2294
8635 5346
8636 5976
8637 3241
8638 5918
8639 1436
8640 8211
8641 2409
8642 1267
8643 2264
8644 5521
8645 2305
8646 5379
8647 422
8648 2326
8649 1813
8650 440
8651 4844
8652 8069
8653 646
8654 4785
8655 1375
8656 6871
8657 7424
8658 3012
8659 5386
8660 4926
8661 4909
8662 6772
8663 4184
8664 6819
8665 4138
8666 2101
8667 6227
8668 2348
8669 7587
8670 3530
8671 1135
8672 6457
8673 5929
8674 7251
8675 4012
8676 5822
8677 7817
8678 946
8679 5614
8680 4141
8681 4256
8682 6865
8683 6087
8684 1056
8685 3149
8686 245
8687 6744
8688 7560
8689 3315
8690 4363
8691 3032
8692 7051
8693 2373
8694 2272
8695 5597
8696 800
8697 1506
8698 5143
8699 5277
8700 2851
8701 5518
8702 1172
8703 4153
8704 6136
8705 1137
8706 983
8707 6899
8708 4465
8709 5123
8710 5378
8711 4415
8712 1176
8713 2104
8714 39
8715 2853
8716 7286
8717 6679
8718 4122
8719 7965
8720 5575
8721 2197
8722 1375
8723 5740
8724 1519
8725 383
8726 1170
8727 7854
8728 3937
8729 5493
8730 6775
8731 8553
8732 3945
8733 5608
8734 6769
8735 4442
8736 5266
8737 2719
8738 289
8739 6376
8740 1063
8741 2556
8742 548
8743 660
8744 3776
8745 2220
8746 1990
8747 6806
8748 7957
8749 977
8750 2164
8751 74
8752 7273
8753 7548
8754 2764
8755 4717
8756 1186
8757 7526
8758 5150
8759 1666
8760 5956
8761 6185
8762 2016
8763 6154
8764 5007
8765 1659
8766 5714
8767 8764
8768 5049
8769 6568
8770 7506
8771 4969
8772 6947
8773 7868
8774 3853
8775 1224
8776 3251
8777 5774
8778 2899
8779 8581
8780 1879
8781 7466
8782 8506
8783 2841
8784 5628
8785 1143
8786 3205
8787 1771
8788 7309
8789 655
8790 6043
8791 2496
8792 1504
8793 6754
8794 7057
8795 1258
8796 7806
8797 1211
8798 5055
8799 2282
8800 5736
8801 8405
8802 5925
8803 8560
8804 5793
8805 3446
8806 2077
8807 8044
8808 8409
8809 6104
8810 2644
8811 3865
8812 8370
8813 6481
8814 7946
8815 4134
8816 8641
8817 2703
8818 4274
8819 256
8820 4486
8821 6235
8822 2258
8823 8353
8824 813
8825 2346
8826 7609
8827 6210
8828 8387
8829 2493
8830 4772
8831 3683
8832 8670
8833 3522
8834 4819
8835 1629
8836 7223
8837 1474
8838 6831
8839 2205
8840 2336
8841 3221
8842 4038
8843 6348
8844 7722
8845 8480
8846 1485
8847 6497
8848 7764
8849 8363
8850 6560
8851 7441
8852 3566
8853 157
8854 7628
8855 3182
8856 890
8857 75
8858 8791
8859 2306
8860 8183
8861 5967
8862 8474
8863 569
8864 6587
8865 2060
8866 113
8867 2922
8868 2480
8869 7331
8870 608
8871 1621
8872 4584
8873 680
8874 1443
8875 607
8876 2417
8877 1254
8878 1251
8879 7433
8880 5354
8881 2265
8882 3007
8883 5080
8884 3696
8885 1848
8886 4517
8887 1854
8888 5785
8889 1536
8890 6173
8891 6020
8892 4696
8893 1232
8894 6821
8895 1254
8896 1297
8897 1210
8898 7667
8899 522
8900 7571
8901 7398
8902 253
8903 2010
8904 4942
8905 8349
8906 912
8907 7638
8908 2942
8909 5688
8910 3515
8911 5956
8912 5719
8913 5769
8914 2400
8915 2613
8916 3399
8917 8609
8918 6381
8919 6661
8920 3287
8921 8267
8922 3458
8923 2179
8924 896
8925 2442
8926 7871
8927 6366
8928 5926
8929 2103
8930 3255
8931 7375
8932 5404
8933 2773
8934 4266
8935 3020
8936 8816
8937 837
8938 5855
8939 3838
8940 248
8941 962
8942 5375
8943 5536
8944 4892
8945 8683
8946 7626
8947 4478
8948 736
8949 4289
8950 3428
8951 2077
8952 3707
8953 4147
8954 7091
8955 8082
8956 6815
8957 6265
8958 2546
8959 6431
8960 1753
8961 392
8962 6693
8963 2730
8964 2212
8965 1907
8966 5684
8967 1176
8968 213
8969 458
8970 6637
8971 1545
8972 5374
8973 8245
8974 8017
8975 7821
8976 2425
8977 5152
8978 2460
8979 396
8980 1844
8981 7517
8982 1172
8983 2892
8984 5466
8985 1915
8986 2089
8987 997
8988 1669
8989 4893
8990 6842
8991 3277
8992 7492
8993 4918
8994 2734
8995 4961
8996 4967
8997 7272
8998 5957
8999 8753
9000 3903
9001 1363
9002 4654
9003 2854
9004 7050
9005 4154
9006 1351
9007 4588
9008 1482
9009 8221
9010 6057
9011 4398
9012 7375
9013 5409
9014 5822
9015 1883
9016 75
9017 3545
9018 8193
9019 176
9020 5269
9021 652
9022 4840
9023 4630
9024 893
9025 366
9026 8113
9027 8195
9028 7778
9029 1180
9030 7938
9031 6085
9032 983
9033 59
9034 2816
9035 1180
9036 3875
9037 3634
9038 5842
9039 5088
9040 7373
9041 8885
9042 4302
9043 2475
9044 506
9045 6616
9046 7056
9047 7977
9048 2227
9049 4365
9050 2002
9051 2486
9052 6699
9053 4855
9054 1370
9055 854
9056 7348
9057 6619
9058 3365
9059 1452
9060 6407
9061 547
9062 1422
9063 3836
9064 4444
9065 2931
9066 2574
9067 5223
9068 3812
9069 8186
9070 10
9071 6840
9072 923
9073 5658
9074 5616
9075 4051
9076 5965
9077 341
9078 147
9079 8781
9080 5600
9081 3788
9082 6020
9083 3637
9084 213
9085 3750
9086 2641
9087 8409
9088 5528
9089 3347
9090 6779
9091 3424
9092 794
9093 2215
9094 5771
9095 4482
9096 2456
9097 7273
9098 5400
9099 4344
9100 1831
9101 5098
9102 3916
9103 2340
9104 3643
9105 612
9106 5227
9107 8943
9108 7718
9109 6739
9110 5925
9111 439
9112 4833
9113 4981
9114 3129
9115 5263
9116 42
9117 3698
9118 3101
9119 2000
9120 640
9121 5379
9122 5323
9123 1393
9124 7484
9125 976
9126 7625
9127 5202
9128 8063
9129 647
9130 7466
9131 2367
9132 3005
9133 3729
9134 379
9135 842
9136 2004
9137 4707
9138 6571
9139 6063
9140 7001
9141 8137
9142 7205
9143 4861
9144 3798
9145 6264
9146 4758
9147 3757
9148 3023
9149 77
9150 7361
9151 7863
9152 8844
9153 6773
9154 8335
9155 6987
9156 7363
9157 857
9158 8468
9159 6797
9160 2314
9161 2282
9162 7282
9163 7477
9164 4236
9165 6931
9166 8390
9167 8661
9168 4746
9169 5778
9170 261
9171 2036
9172 5839
9173 3194
9174 2373
9175 1937
9176 8616
9177 7500
9178 5319
9179 901
9180 8718
9181 3776
9182 1312
9183 5612
9184 1348
9185 1931
9186 4595
9187 3750
9188 8714
9189 4715
9190 6270
9191 6388
9192 3914
9193 1261
9194 2623
9195 6025
9196 8618
9197 3402
9198 6108
9199 1371
9200 9150
9201 5035
9202 1972
9203 1625
9204 6171
9205 2345
9206 6833
9207 376
9208 7395
9209 2013
9210 351
9211 3379
9212 2028
9213 5562
9214 9085
9215 6754
9216 3709
9217 9162
9218 6782
9219 1118
9220 8423
9221 3611
9222 1317
9223 4970
9224 689
9225 1100
9226 7547
9227 3105
9228 2118
9229 236
9230 227
9231 6759
9232 2112
9233 8580
9234 7463
9235 3363
9236 3195
9237 6117
9238 8998
9239 2778
9240 5523
9241 1501
9242 8532
9243 4315
9244 4672
9245 5782
9246 7751
9247 6307
9248 654
9249 2030
9250 7610
9251 256
9252 166
9253 8177
9254 5336
9255 5361
9256 2630
9257 5248
9258 397
9259 672
9260 4057
9261 8850
9262 8916
9263 2004
9264 1462
9265 5671
9266 3935
9267 5046
9268 1989
9269 5951
9270 3522
9271 4789
9272 5031
9273 2501
9274 573
9275 2088
9276 7216
9277 9169
9278 421
9279 2380
9280 3525
9281 9252
9282 843
9283 8626
9284 7466
9285 4056
9286 7289
9287 1567
9288 5587
9289 5998
9290 6420
9291 4444
9292 884
9293 5440
9294 8348
9295 5446
9296 1287
9297 748
9298 8630
9299 201
9300 3026
9301 4947
9302 299
9303 5857
9304 6563
9305 7524
9306 2739
9307 1934
9308 2958
9309 2859
9310 6257
9311 6945
9312 7998
9313 1371
9314 3362
9315 7028
9316 7332
9317 8107
9318 8547
9319 6244
9320 5021
9321 5408
9322 6397
9323 6385
9324 5032
9325 7664
9326 3837
9327 3458
9328 3432
9329 55
9330 7085
9331 7257
9332 5192
9333 1974
9334 8554
9335 4500
9336 7507
9337 4013
9338 145
9339 4732
9340 8737
9341 8990
9342 2418
9343 6411
9344 5068
9345 1082
9346 3021
9347 6597
9348 8190
9349 7130
9350 1455
9351 3715
9352 3186
9353 7894
9354 7550
9355 3079
9356 8929
9357 7640
9358 8439
9359 2773
9360 3046
9361 5775
9362 2773
9363 8933
9364 2894
9365 7565
9366 3132
9367 3260
9368 6479
9369 8905
9370 8706
9371 3829
9372 1890
9373 484
9374 140
9375 2121
9376 9289
9377 1524
9378 4546
9379 7557
9380 6893
9381 2926
9382 9043
9383 4970
9384 6085
9385 4900
9386 6019
9387 970
9388 8317
9389 2619
9390 9166
9391 8535
9392 2162
9393 4451
9394 8258
9395 6158
9396 7261
9397 6439
9398 845
9399 4323
9400 1525
9401 2388
9402 5078
9403 199
9404 53
9405 7058
9406 204
9407 4048
9408 2157
9409 9077
9410 6936
9411 4025
9412 3214
9413 3806
9414 8076
9415 3750
9416 8814
9417 7933
9418 3738
9419 5423
9420 5567
9421 4668
9422 2850
9423 3339
9424 7436
9425 1190
9426 8054
9427 1448
9428 1085
9429 5780
9430 7952
9431 1763
9432 6590
9433 6935
9434 2815
9435 5772
9436 6389
9437 5076
9438 4810
9439 3784
9440 7914
9441 7098
9442 5360
9443 6747
9444 8954
9445 6817
9446 2487
9447 6059
9448 868
9449 5508
9450 1929
9451 1643
9452 7303
9453 6700
9454 3870
9455 5647
9456 441
9457 718
9458 727
9459 2135
9460 5671
9461 557
9462 8674
9463 8890
9464 8923
9465 3513
9466 5609
9467 4244
9468 1259
9469 7961
9470 9079
9471 8159
9472 9381
9473 6838
9474 1048
9475 7240
9476 4602
9477 317
9478 4698
9479 1784
9480 7858
9481 1792
9482 2969
9483 3176
9484 4604
9485 3704
9486 2821
9487 1738
9488 4143
9489 527
9490 7235
9491 1175
9492 817
9493 4304
9494 8429
9495 108
9496 999
9497 7708
9498 82
9499 979
9500 718
9501 3028
9502 959
9503 6652
9504 8728
9505 4170
9506 9050
9507 5670
9508 5611
9509 217
9510 3866
9511 2217
9512 2300
9513 6569
9514 2764
9515 7096
9516 8927
9517 4121
9518 1565
9519 1450
9520 8041
9521 5045
9522 8285
9523 2386
9524 8479
9525 3328
9526 6276
9527 990
9528 7920
9529 8579
9530 8056
9531 1563
9532 3368
9533 1803
9534 7974
9535 5334
9536 5511
9537 6651
9538 9404
9539 4407
9540 4512
9541 2316
9542 456
9543 5258
9544 1699
9545 7558
9546 8553
9547 8896
9548 5258
9549 1552
9550 1628
9551 9219
9552 8633
9553 2065
9554 5095
9555 6363
9556 116
9557 5871
9558 3800
9559 5513
9560 6936
9561 4713
9562 1719
9563 1099
9564 9511
9565 2503
9566 6772
9567 5255
9568 9420
9569 7629
9570 5509
9571 5984
9572 4844
9573 465
9574 6171
9575 2729
9576 4809
9577 3880
9578 3122
9579 2615
9580 4383
9581 2564
9582 2009
9583 2895
9584 9394
9585 498
9586 5762
9587 870
9588 7862
9589 3842
9590 1416
9591 1171
9592 1341
9593 5082
9594 1754
9595 1805
9596 1405
9597 1144
9598 3231
9599 1824
9600 6442
9601 363
9602 5234
9603 3103
9604 7602
9605 6325
9606 6638
9607 6892
9608 6713
9609 2212
9610 5748
9611 6790
9612 4347
9613 2987
9614 5402
9615 4706
9616 2454
9617 4646
9618 6989
9619 2727
9620 6604
9621 6564
9622 8658
9623 8842
9624 7138
9625 879
9626 7481
9627 3693
9628 3539
9629 2064
9630 217
9631 797
9632 3120
9633 5829
9634 985
9635 6822
9636 4252
9637 2627
9638 6087
9639 8229
9640 5431
9641 7622
9642 4370
9643 7567
9644 5215
9645 8215
9646 8787
9647 3181
9648 8512
9649 1768
9650 919
9651 2135
9652 1671
9653 6126
9654 1132
9655 7219
9656 9332
9657 4610
9658 3948
9659 8184
9660 3856
9661 4557
9662 5133
9663 7376
9664 9661
9665 4157
9666 1681
9667 8803
9668 7571
9669 8835
9670 3980
9671 707
9672 8866
9673 8841
9674 1462
9675 9112
9676 2551
9677 876
9678 8374
9679 6537
9680 1122
9681 2273
9682 4915
9683 2070
9684 3731
9685 9147
9686 1992
9687 3403
9688 3381
9689 5757
9690 5579
9691 9012
9692 2665
9693 4894
9694 8840
9695 9474
9696 3454
9697 9386
9698 6477
9699 6867
9700 5540
9701 7043
9702 4308
9703 3805
9704 586
9705 4593
9706 1618
9707 2389
9708 341
9709 7357
9710 2451
9711 558
9712 366
9713 9592
9714 8985
9715 8439
9716 7093
9717 3622
9718 911
9719 3763
9720 7295
9721 5022
9722 4935
9723 5368
9724 3072
9725 5294
9726 4082
9727 2784
9728 8701
9729 2144
9730 2565
9731 9580
9732 6302
9733 8886
9734 707
9735 9080
9736 6158
9737 8097
9738 3057
9739 1990
9740 6114
9741 7159
9742 4611
9743 3306
9744 9018
9745 5005
9746 3809
9747 8569
9748 7424
9749 5494
9750 2494
9751 3229
9752 9447
9753 5322
9754 2303
9755 5638
9756 5075
9757 6174
9758 9682
9759 7248
9760 5040
9761 2257
9762 8838
9763 7493
9764 9484
9765 3676
9766 9556
9767 8726
9768 223
9769 140
9770 1257
9771 564
9772 7157
9773 196
9774 2572
9775 796
9776 3259
9777 6090
9778 8651
9779 898
9780 5689
9781 6855
9782 2724
9783 6897
9784 4273
9785 2309
9786 1587
9787 7542
9788 4862
9789 1067
9790 7907
9791 2472
9792 6093
9793 8279
9794 8476
9795 3844
9796 782
9797 8543
9798 5964
9799 3684
9800 2537
9801 4880
9802 5293
9803 8873
9804 9469
9805 6082
9806 6472
9807 7418
9808 3267
9809 8171
9810 2685
9811 1210
9812 7573
9813 5827
9814 6443
9815 1635
9816 1744
9817 2897
9818 9171
9819 1916
9820 6838
9821 414
9822 2957
9823 8459
9824 1165
9825 2565
9826 2034
9827 9667
9828 2133
9829 5371
9830 1395
9831 8149
9832 3989
9833 8015
9834 2052
9835 3041
9836 4932
9837 7088
9838 1094
9839 8551
9840 6275
9841 1717
9842 5219
9843 2015
9844 1105
9845 9434
9846 3969
9847 2035
9848 6279
9849 4351
9850 814
9851 2533
9852 5788
9853 8169
9854 8388
9855 5115
9856 4689
9857 9814
9858 6872
9859 1178
9860 9556
9861 6643
9862 4053
9863 6216
9864 1622
9865 4160
9866 1290
9867 151
9868 4414
9869 1099
9870 4979
9871 1150
9872 4771
9873 876
9874 2054
9875 6042
9876 6366
9877 3362
9878 9654
9879 4670
9880 172
9881 4233
9882 8708
9883 4291
9884 5846
9885 5716
9886 6269
9887 3670
9888 557
9889 1114
9890 3193
9891 6117
9892 413
9893 6582
9894 7758
9895 6182
9896 5769
9897 1925
9898 2624
9899 764
9900 7411
9901 2087
9902 8165
9903 8721
9904 5383
9905 3665
9906 6253
9907 9114
9908 8198
9909 5971
9910 7419
9911 9362
9912 6918
9913 5308
9914 9862
9915 56
9916 5945
9917 760
9918 7008
9919 5976
9920 2996
9921 6503
9922 4943
9923 1973
9924 4565
9925 7395
9926 5243
9927 8825
9928 7567
9929 7602
9930 3802
9931 8499
9932 1944
9933 334
9934 7526
9935 619
9936 8148
9937 4643
9938 429
9939 6595
9940 11
9941 4110
9942 5717
9943 3487
9944 6642
9945 8881
9946 2018
9947 4155
9948 4142
9949 8925
9950 3508
9951 5060
9952 8219
9953 892
9954 7806
9955 1933
9956 8981
9957 6897
9958 5671
9959 4291
9960 1145
9961 6806
9962 7382
9963 880
9964 6466
9965 3140
9966 4048
9967 8604
9968 3943
9969 6936
9970 300
9971 5862
9972 8304
9973 6668
9974 2316
9975 627
9976 811
9977 1969
9978 8005
9979 5289
9980 6872
9981 550
9982 7232
9983 7388
9984 1179
9985 5861
9986 205
9987 8718
9988 5037
9989 3301
9990 8443
9991 8054
9992 4927
9993 7498
9994 9483
9995 3832
9996 6412
9997 1100
9998 7017
9999 6222
