1000 3000
1 0
2 0
3 0
4 1
5 2
6 0
7 4
8 7
9 3
10 7
11 5
12 2
13 1
14 0
15 6
16 9
17 6
18 14
19 8
20 19
21 18
22 20
23 22
24 11
25 17
26 9
27 25
28 21
29 15
30 21
31 22
32 24
33 23
34 31
35 31
36 19
37 4
38 15
39 29
40 36
41 13
42 18
43 37
44 42
45 28
46 40
47 30
48 19
49 31
50 4
51 2
52 0
53 25
54 13
55 48
56 0
57 16
58 3
59 39
60 0
61 23
62 59
63 23
64 52
65 14
66 18
67 9
68 0
69 33
70 3
71 16
72 64
73 5
74 3
75 61
76 13
77 8
78 58
79 66
80 72
81 2
82 29
83 61
84 27
85 62
86 81
87 5
88 86
89 69
90 37
91 77
92 54
93 78
94 64
95 56
96 93
97 65
98 18
99 89
100 98
101 60
102 18
103 74
104 85
105 54
106 69
107 75
108 29
109 13
110 38
111 66
112 70
113 10
114 57
115 88
116 32
117 32
118 46
119 90
120 86
121 79
122 50
123 55
124 8
125 124
126 84
127 76
128 77
129 54
130 24
131 76
132 110
133 3
134 97
135 122
136 36
137 100
138 104
139 130
140 7
141 24
142 92
143 68
144 74
145 85
146 77
147 26
148 21
149 99
150 145
151 78
152 144
153 56
154 134
155 148
156 32
157 97
158 118
159 83
160 152
161 90
162 58
163 19
164 145
165 112
166 114
167 21
168 162
169 73
170 93
171 29
172 98
173 114
174 51
175 3
176 158
177 102
178 123
179 155
180 64
181 99
182 91
183 72
184 129
185 176
186 66
187 3
188 87
189 53
190 3
191 11
192 156
193 190
194 30
195 95
196 78
197 81
198 20
199 179
200 47
201 112
202 34
203 82
204 160
205 34
206 86
207 128
208 10
209 120
210 159
211 62
212 45
213 70
214 74
215 184
216 115
217 204
218 103
219 191
220 66
221 121
222 153
223 127
224 192
225 62
226 123
227 36
228 29
229 216
230 47
231 173
232 17
233 141
234 61
235 49
236 97
237 17
238 65
239 88
240 33
241 68
242 188
243 43
244 199
245 24
246 238
247 52
248 118
249 23
250 19
251 150
252 77
253 248
254 47
255 154
256 83
257 217
258 88
259 207
260 188
261 79
262 221
263 137
264 215
265 68
266 138
267 78
268 165
269 31
270 65
271 236
272 53
273 76
274 67
275 158
276 182
277 109
278 45
279 140
280 266
281 187
282 93
283 237
284 107
285 28
286 218
287 134
288 44
289 214
290 82
291 145
292 105
293 2
294 14
295 74
296 279
297 290
298 226
299 283
300 240
301 235
302 153
303 268
304 161
305 76
306 223
307 145
308 120
309 280
310 290
311 225
312 149
313 126
314 77
315 259
316 238
317 170
318 157
319 192
320 231
321 225
322 67
323 296
324 296
325 198
326 174
327 145
328 260
329 257
330 82
331 281
332 150
333 330
334 31
335 301
336 41
337 215
338 62
339 295
340 257
341 245
342 237
343 14
344 160
345 31
346 67
347 1
348 41
349 252
350 237
351 266
352 39
353 19
354 207
355 79
356 157
357 352
358 345
359 73
360 60
361 353
362 188
363 141
364 5
365 65
366 63
367 154
368 275
369 279
370 81
371 32
372 113
373 106
374 316
375 157
376 264
377 76
378 98
379 225
380 220
381 208
382 240
383 214
384 300
385 271
386 204
387 272
388 90
389 27
390 207
391 110
392 21
393 252
394 315
395 193
396 261
397 353
398 318
399 69
400 78
401 389
402 106
403 181
404 29
405 146
406 87
407 394
408 43
409 290
410 245
411 72
412 106
413 58
414 170
415 20
416 80
417 111
418 175
419 185
420 156
421 411
422 42
423 63
424 126
425 387
426 50
427 77
428 351
429 205
430 42
431 119
432 227
433 387
434 79
435 211
436 414
437 259
438 66
439 46
440 288
441 128
442 346
443 207
444 2
445 210
446 15
447 380
448 326
449 1
450 406
451 287
452 325
453 419
454 99
455 422
456 326
457 376
458 398
459 61
460 151
461 59
462 163
463 17
464 199
465 281
466 144
467 360
468 48
469 240
470 400
471 133
472 428
473 210
474 241
475 230
476 197
477 319
478 30
479 89
480 88
481 311
482 168
483 239
484 363
485 28
486 446
487 420
488 78
489 158
490 210
491 270
492 81
493 397
494 37
495 25
496 239
497 19
498 319
499 107
500 283
501 66
502 358
503 346
504 210
505 163
506 64
507 401
508 72
509 10
510 406
511 184
512 394
513 335
514 240
515 169
516 4
517 311
518 474
519 224
520 332
521 481
522 96
523 136
524 113
525 461
526 111
527 90
528 10
529 379
530 171
531 283
532 248
533 311
534 235
535 329
536 12
537 365
538 141
539 503
540 170
541 511
542 508
543 345
544 215
545 294
546 447
547 435
548 140
549 326
550 174
551 545
552 479
553 27
554 513
555 33
556 491
557 264
558 403
559 419
560 129
561 32
562 113
563 473
564 102
565 401
566 504
567 476
568 204
569 506
570 480
571 425
572 330
573 548
574 118
575 498
576 112
577 516
578 364
579 276
580 17
581 224
582 463
583 248
584 137
585 82
586 148
587 139
588 282
589 398
590 464
591 101
592 275
593 322
594 69
595 572
596 72
597 490
598 340
599 275
600 340
601 349
602 428
603 465
604 51
605 47
606 19
607 31
608 37
609 30
610 58
611 454
612 543
613 190
614 281
615 568
616 433
617 307
618 87
619 94
620 169
621 59
622 522
623 33
624 328
625 400
626 107
627 440
628 284
629 463
630 620
631 520
632 468
633 332
634 26
635 626
636 621
637 61
638 463
639 410
640 131
641 103
642 139
643 465
644 272
645 259
646 334
647 378
648 637
649 541
650 543
651 171
652 84
653 232
654 428
655 207
656 423
657 613
658 83
659 582
660 522
661 594
662 614
663 602
664 525
665 82
666 458
667 327
668 124
669 389
670 566
671 115
672 427
673 303
674 387
675 374
676 563
677 425
678 35
679 607
680 200
681 568
682 28
683 180
684 292
685 547
686 469
687 60
688 593
689 507
690 366
691 21
692 37
693 685
694 563
695 425
696 480
697 523
698 369
699 302
700 503
701 660
702 299
703 211
704 601
705 262
706 177
707 195
708 226
709 15
710 89
711 152
712 496
713 397
714 639
715 277
716 413
717 681
718 678
719 126
720 153
721 176
722 660
723 675
724 684
725 286
726 425
727 724
728 264
729 648
730 477
731 137
732 70
733 614
734 524
735 167
736 487
737 92
738 565
739 238
740 658
741 419
742 438
743 368
744 599
745 590
746 374
747 597
748 43
749 180
750 286
751 270
752 650
753 220
754 285
755 462
756 52
757 372
758 534
759 60
760 390
761 488
762 164
763 665
764 743
765 652
766 719
767 488
768 196
769 123
770 36
771 230
772 621
773 25
774 418
775 195
776 400
777 163
778 69
779 606
780 309
781 635
782 520
783 149
784 725
785 217
786 488
787 278
788 669
789 254
790 766
791 41
792 111
793 122
794 53
795 117
796 61
797 452
798 248
799 303
800 185
801 608
802 736
803 402
804 728
805 202
806 633
807 105
808 630
809 444
810 251
811 303
812 692
813 199
814 523
815 393
816 405
817 135
818 244
819 134
820 302
821 460
822 175
823 150
824 17
825 17
826 49
827 489
828 724
829 174
830 111
831 362
832 309
833 4
834 550
835 24
836 675
837 278
838 334
839 160
840 706
841 658
842 172
843 497
844 274
845 153
846 216
847 289
848 721
849 124
850 22
851 402
852 301
853 56
854 367
855 127
856 309
857 201
858 327
859 215
860 65
861 683
862 418
863 197
864 816
865 576
866 151
867 530
868 495
869 31
870 497
871 101
872 802
873 36
874 366
875 607
876 294
877 590
878 304
879 486
880 795
881 493
882 96
883 534
884 865
885 141
886 503
887 851
888 401
889 177
890 856
891 189
892 457
893 188
894 207
895 788
896 516
897 773
898 73
899 329
900 765
901 769
902 886
903 413
904 846
905 359
906 197
907 659
908 50
909 688
910 460
911 199
912 842
913 196
914 543
915 642
916 390
917 215
918 434
919 363
920 256
921 637
922 564
923 74
924 483
925 383
926 777
927 117
928 378
929 793
930 395
931 139
932 71
933 741
934 731
935 12
936 603
937 355
938 900
939 240
940 407
941 386
942 159
943 47
944 512
945 751
946 307
947 639
948 98
949 853
950 52
951 158
952 562
953 37
954 180
955 222
956 129
957 163
958 956
959 721
960 163
961 814
962 197
963 855
964 712
965 701
966 958
967 500
968 460
969 538
970 451
971 776
972 712
973 387
974 789
975 52
976 358
977 967
978 958
979 247
980 93
981 972
982 810
983 484
984 933
985 936
986 194
987 957
988 321
989 9
990 484
991 287
992 41
993 575
994 100
995 318
996 197
997 825
998 476
999 812
506 993
810 837
968 673
368 23
103 920
295 836
81 783
881 159
967 238
572 969
853 829
333 425
403 30
409 160
449 474
555 745
988 990
346 712
353 153
906 828
777 270
515 912
147 605
508 824
385 725
544 696
838 229
640 546
686 645
749 778
714 308
276 753
226 834
461 654
380 155
733 47
259 476
665 856
454 443
275 33
595 248
76 451
946 986
515 143
601 963
20 744
905 415
417 534
552 241
491 258
478 286
787 723
552 78
733 51
430 274
398 672
297 409
785 371
433 306
942 70
896 346
248 344
458 85
157 108
899 661
262 288
284 313
659 707
704 882
485 666
494 540
218 726
916 498
61 863
452 872
553 218
336 688
541 49
325 182
23 260
918 83
478 17
436 955
114 447
939 494
897 78
931 439
446 965
163 834
822 774
516 337
999 184
468 931
465 562
424 828
188 177
75 971
124 148
306 474
752 863
770 136
764 668
208 603
460 147
775 893
810 37
970 889
428 481
156 889
567 581
546 78
765 50
257 570
101 995
290 17
936 883
660 535
557 59
978 168
848 875
923 283
47 617
149 376
576 392
383 85
512 569
213 978
814 44
245 86
513 472
381 294
947 426
409 599
775 259
659 38
807 301
134 955
730 193
179 515
808 208
97 813
611 689
860 419
278 263
523 95
560 10
545 322
33 444
85 317
614 766
14 917
620 515
59 98
525 759
317 827
620 740
991 809
827 30
788 888
866 197
949 572
176 297
36 44
93 651
35 49
650 35
140 578
574 698
68 69
961 102
854 900
267 120
552 960
98 653
590 511
671 994
389 169
265 745
119 912
503 550
143 7
403 62
713 976
765 950
215 72
561 752
279 414
839 861
285 401
558 898
752 578
759 443
761 811
727 828
21 138
554 676
267 877
960 951
253 255
16 229
583 981
122 567
513 690
5 267
501 836
81 991
26 345
541 540
965 257
329 135
227 455
15 52
152 442
838 997
376 822
392 421
286 920
259 754
398 54
5 231
910 717
487 244
822 829
425 686
381 995
616 857
468 845
557 926
469 38
725 260
153 903
843 845
684 395
501 406
765 185
763 925
366 98
150 57
625 760
14 541
836 445
516 889
849 1
325 301
269 416
150 932
289 184
967 912
926 812
533 527
354 179
155 711
401 459
137 622
119 871
420 298
195 506
558 663
989 630
980 205
574 287
348 617
888 340
910 933
335 103
545 227
855 235
165 769
848 373
389 372
168 904
48 506
975 318
399 311
223 658
44 30
381 677
366 258
19 711
584 714
356 644
79 31
816 686
61 922
501 275
772 131
989 201
169 430
680 190
915 481
479 484
562 900
38 602
752 221
997 544
315 182
40 702
457 620
692 139
542 597
334 934
381 46
410 65
628 811
447 546
696 774
951 239
667 46
814 535
411 678
693 415
923 380
688 815
620 158
547 257
943 792
718 90
437 651
111 48
850 766
162 340
117 849
955 935
215 937
400 698
770 269
522 43
392 421
919 929
190 250
909 679
211 854
602 96
559 197
990 574
563 741
179 413
401 6
164 777
628 332
630 508
690 212
155 657
774 994
326 687
704 510
549 351
372 566
60 961
773 167
800 301
514 423
125 633
680 304
571 42
702 263
108 923
33 282
899 27
365 186
206 270
388 322
919 303
520 151
567 590
660 566
209 993
530 46
297 594
2 184
717 659
248 472
242 60
686 978
108 259
300 214
163 644
625 992
2 663
177 534
129 224
45 635
736 256
14 719
879 848
103 810
173 974
873 896
47 617
731 400
614 770
483 531
177 992
296 653
1 302
829 9
317 91
612 720
467 771
215 858
341 831
165 883
653 53
899 679
866 84
588 85
389 813
408 566
432 577
725 553
555 955
46 14
814 282
293 545
200 827
295 768
149 186
931 975
437 917
381 688
948 549
71 84
921 217
356 334
386 737
573 273
456 876
325 384
172 698
272 337
723 462
192 495
545 604
976 482
514 712
66 845
809 89
184 908
687 882
260 889
799 426
444 11
604 156
835 276
549 328
861 618
78 202
512 402
627 656
463 390
148 211
191 128
897 506
829 53
451 441
288 128
596 231
785 655
574 758
79 194
641 454
317 761
968 105
860 173
1 912
284 687
493 532
871 476
104 861
633 658
956 954
726 789
618 542
468 690
380 434
478 690
776 968
632 738
386 316
471 955
444 771
276 271
193 128
284 447
217 70
935 913
488 662
336 97
301 165
44 180
164 693
333 230
373 759
381 398
495 912
142 294
312 405
975 626
17 245
279 45
163 363
190 695
236 382
215 113
575 554
480 608
332 916
854 889
962 788
192 82
611 330
777 331
318 341
124 132
158 204
730 497
479 763
832 521
783 406
194 672
313 266
502 260
26 906
509 469
60 266
570 432
916 926
656 981
868 334
618 395
293 123
389 7
507 468
102 923
104 153
429 665
577 550
385 930
223 960
410 715
461 598
560 375
959 797
150 466
170 546
601 957
417 721
792 843
194 287
693 487
881 830
581 599
226 44
805 315
279 371
160 526
876 885
646 71
561 542
554 47
905 890
783 448
82 932
537 984
873 154
11 387
205 59
638 27
425 902
93 792
756 212
144 656
329 79
457 962
660 652
122 90
338 876
517 271
396 253
660 662
292 838
178 874
413 856
280 48
218 911
478 688
595 605
350 170
184 626
738 207
181 449
610 857
208 916
189 36
841 673
576 189
711 486
740 375
12 702
365 972
698 452
984 483
854 952
134 927
156 516
749 492
433 824
832 48
902 137
17 751
885 733
872 263
37 695
569 340
837 412
845 309
336 422
399 706
725 161
577 601
1 978
675 956
349 676
411 500
952 958
31 627
568 349
944 256
253 782
46 793
726 401
314 509
832 70
705 564
57 366
628 771
733 982
993 446
160 203
154 593
770 997
165 734
965 591
618 670
716 947
147 550
500 906
897 581
822 395
735 495
659 151
726 233
896 292
201 645
306 123
978 266
431 596
226 372
759 92
949 506
192 328
206 341
637 374
517 52
787 378
286 677
514 426
507 91
834 993
553 10
625 864
125 597
749 991
129 355
273 310
160 719
755 588
280 334
392 960
870 274
708 502
74 89
360 686
860 244
100 898
66 187
550 143
853 863
569 126
618 716
185 558
851 475
769 526
132 486
409 98
976 65
94 55
403 604
657 428
898 693
962 540
310 57
54 856
469 575
854 764
264 994
603 575
538 773
100 846
678 424
471 262
603 968
832 668
857 226
894 19
457 13
867 506
289 178
770 39
958 915
573 9
919 619
612 738
639 503
329 121
5 664
955 885
761 757
149 365
969 511
753 906
232 924
953 321
877 616
132 386
248 251
678 522
424 975
485 95
947 808
128 912
113 738
661 500
29 514
386 909
448 742
251 704
829 155
804 314
235 845
503 457
391 236
30 797
803 735
78 968
528 561
761 888
212 974
164 7
184 26
692 957
880 369
807 351
761 208
711 590
252 34
244 274
498 131
430 359
890 60
951 207
34 208
21 224
61 47
212 524
92 463
178 703
711 836
997 563
894 50
128 739
212 25
63 819
71 668
225 415
542 429
298 801
149 136
22 700
65 608
146 866
82 416
15 620
272 717
429 401
608 539
212 528
851 317
184 347
655 606
31 724
258 939
755 405
95 77
489 887
321 143
909 586
625 205
736 39
679 795
327 478
749 223
758 646
130 985
588 642
133 556
452 244
863 998
238 472
268 526
632 275
864 66
829 979
996 569
887 772
471 378
906 440
242 724
504 637
170 745
833 798
657 327
205 447
484 367
726 733
291 983
328 822
37 498
405 717
775 983
462 549
670 165
675 706
151 113
858 776
340 876
536 507
799 457
377 70
334 170
570 736
113 778
857 615
968 411
41 307
841 927
776 621
236 262
265 997
503 801
275 639
50 923
161 58
713 959
369 122
376 175
141 556
959 572
157 191
271 363
748 146
121 846
20 799
433 980
226 16
721 121
297 340
572 787
588 979
789 709
406 826
487 580
244 749
177 0
921 636
936 602
87 875
774 145
695 312
8 739
485 80
126 604
211 547
557 796
344 91
147 508
785 828
440 72
85 265
199 28
489 651
589 941
820 208
983 406
385 942
323 631
295 61
660 910
251 265
830 212
900 473
29 506
303 547
510 731
633 881
446 129
681 802
318 796
413 66
924 219
741 645
99 669
84 520
942 320
966 162
485 268
996 522
721 60
313 18
868 201
930 86
30 155
323 765
287 232
853 801
382 47
67 773
332 543
262 882
154 332
167 58
826 128
234 647
868 316
651 491
683 945
407 497
826 765
684 953
557 481
209 641
615 991
218 156
729 216
33 824
186 654
305 233
210 229
463 801
846 535
563 216
164 794
677 630
647 338
840 739
205 321
754 32
784 492
40 118
68 195
276 43
339 381
314 116
281 274
630 645
540 924
640 81
316 804
566 815
259 812
214 908
357 481
580 147
261 85
406 684
198 715
375 317
297 140
796 940
54 8
416 204
365 840
964 729
588 978
790 826
516 539
672 945
450 761
657 465
819 588
90 844
966 172
804 220
171 768
463 756
355 47
180 155
564 239
967 437
428 951
48 77
709 450
139 887
824 694
759 902
92 582
677 786
19 169
25 308
871 164
89 250
195 913
21 232
594 724
717 495
718 687
339 444
797 50
973 256
323 357
664 481
21 253
510 308
107 891
655 187
559 161
818 219
217 636
779 293
889 23
942 481
844 806
474 325
319 801
658 924
971 298
938 907
228 85
78 916
140 750
725 804
195 621
825 681
160 690
651 933
353 271
985 58
827 687
458 62
351 15
474 291
791 581
840 708
370 237
783 0
315 505
944 836
845 832
799 693
238 281
106 814
763 137
462 366
112 246
534 262
674 258
963 442
709 306
526 743
23 309
149 166
376 953
267 431
642 843
229 187
182 595
373 530
169 890
17 125
199 595
891 808
776 414
384 295
367 204
769 593
606 969
974 506
177 996
738 856
184 72
33 419
86 340
678 283
999 927
296 178
501 948
794 158
742 528
129 154
163 578
652 217
694 60
87 873
523 304
630 827
926 611
60 224
104 872
977 219
761 193
118 230
600 470
470 553
680 631
345 946
517 24
125 246
145 465
447 745
530 671
517 896
701 791
862 733
111 144
145 984
866 384
908 450
356 489
207 407
330 361
385 99
12 516
648 564
601 945
189 221
358 180
706 218
143 859
191 855
12 272
832 151
606 227
985 34
154 188
567 767
241 462
380 36
138 44
218 373
497 506
683 739
848 562
527 37
441 4
317 307
909 586
546 5
507 244
931 849
756 589
150 288
833 972
857 420
49 781
541 802
132 770
728 184
827 351
967 675
282 558
891 506
708 211
207 833
721 611
429 984
240 409
498 707
378 744
530 925
458 375
969 686
991 887
140 289
78 805
598 608
571 320
573 753
183 540
714 626
467 394
989 325
230 604
382 161
910 544
414 788
944 437
229 447
514 309
699 228
703 549
531 721
821 727
184 605
701 279
585 816
38 565
404 752
40 370
212 519
242 452
865 131
633 832
471 529
747 404
800 803
559 880
678 384
477 528
3 157
109 263
708 819
206 761
149 937
575 478
250 740
958 114
880 988
384 691
743 533
524 862
997 931
194 360
317 2
298 42
457 759
448 555
682 695
492 192
710 836
796 979
793 682
659 103
464 671
137 926
440 110
309 644
851 971
957 350
170 848
701 770
740 292
593 529
151 733
25 576
280 842
208 651
466 378
169 317
641 290
225 50
447 938
540 170
4 214
672 369
738 686
351 684
217 922
262 307
686 89
715 573
538 638
268 478
363 646
109 59
417 571
30 408
251 786
849 449
417 507
159 244
475 306
81 254
905 261
806 815
140 638
526 276
943 837
203 422
55 795
743 363
796 946
4 67
773 781
960 787
50 332
471 517
740 633
167 646
834 895
232 671
519 849
655 751
297 662
372 126
445 219
390 23
720 470
392 963
907 825
10 885
326 579
908 138
439 783
833 809
777 340
179 456
420 231
140 97
377 687
602 763
866 20
340 688
619 569
143 908
619 250
539 295
745 452
80 194
73 757
47 726
43 110
456 805
694 484
523 16
248 188
38 587
460 968
537 327
459 322
6 160
894 424
1 384
614 506
9 709
944 992
570 916
367 210
653 310
437 759
301 269
750 282
769 263
274 382
471 869
363 201
632 819
70 990
987 81
407 846
22 435
342 775
350 638
631 230
4 861
144 645
252 274
880 777
582 464
752 31
532 25
482 510
387 864
232 439
25 103
125 492
439 647
617 4
95 893
622 87
17 568
772 887
283 628
232 220
911 862
216 237
924 132
597 517
441 9
447 186
996 115
55 851
970 828
49 968
718 466
263 510
855 211
630 912
496 449
257 222
520 88
910 283
309 272
590 822
144 466
310 192
688 369
50 83
122 848
763 939
153 67
638 952
374 284
307 57
774 705
354 455
824 835
497 90
931 745
518 565
670 294
278 750
846 650
15 652
666 515
215 557
561 346
574 778
554 766
991 804
535 227
62 312
591 880
465 822
532 85
689 257
530 211
58 715
196 523
635 505
48 716
27 55
850 998
920 269
791 256
324 170
767 396
473 637
48 610
72 298
378 974
796 913
887 285
240 350
883 785
21 594
359 247
587 800
762 191
549 700
836 306
96 610
200 459
757 961
394 312
575 782
651 728
500 440
572 316
335 101
503 235
880 997
720 630
543 723
604 142
563 254
266 617
291 42
806 892
379 302
618 843
251 984
764 446
426 430
982 480
204 842
110 18
337 562
9 64
529 114
798 582
266 47
299 569
967 379
173 538
125 839
840 28
532 168
478 943
907 583
202 869
415 67
899 291
20 205
487 724
850 840
537 424
131 698
820 248
93 998
116 623
555 949
423 747
706 455
916 129
567 355
121 138
643 371
540 807
869 453
404 308
776 814
744 567
474 794
912 952
934 362
934 147
916 357
423 825
511 486
664 989
39 565
99 639
519 180
448 100
470 1
207 447
479 864
705 733
34 486
295 486
532 337
128 454
805 802
488 574
935 546
14 73
754 124
104 657
179 366
271 308
308 558
788 278
699 453
663 156
345 692
105 116
990 736
515 237
554 130
609 56
757 693
84 551
755 204
455 852
202 666
94 100
799 182
70 945
669 280
883 63
649 359
605 465
233 788
336 456
396 320
880 885
524 580
862 341
443 473
935 185
900 836
734 175
862 530
110 546
114 8
697 804
259 181
184 683
891 470
26 316
477 566
947 113
404 167
118 962
809 463
811 673
485 245
830 484
547 933
269 59
944 727
147 50
920 800
839 612
784 371
467 312
25 774
391 86
537 680
558 598
533 447
750 658
318 316
863 207
610 300
132 146
773 347
704 651
729 476
633 248
707 83
329 998
75 426
630 833
634 978
907 591
680 708
503 570
438 694
846 796
523 511
117 997
896 608
89 891
127 868
12 156
200 348
926 462
878 980
970 467
146 964
949 893
801 257
552 930
980 21
668 548
964 717
466 357
626 338
967 719
342 811
269 44
376 668
826 61
142 504
112 348
810 635
946 518
853 452
616 483
281 466
696 728
532 608
349 205
589 227
330 216
996 953
124 734
593 639
580 551
382 283
98 488
420 882
868 491
328 662
834 202
426 324
266 57
798 479
919 813
320 578
971 422
994 246
544 669
350 863
82 142
717 325
158 988
34 470
560 848
79 977
606 595
549 759
133 892
105 966
968 136
489 85
229 161
452 160
609 679
944 175
870 874
708 599
965 335
921 966
724 574
986 984
691 377
454 674
376 652
974 619
52 489
899 269
677 48
146 160
164 604
469 862
948 918
386 746
94 946
421 264
245 420
899 309
726 806
329 66
551 354
255 345
781 956
892 165
718 719
351 974
402 201
227 787
334 595
488 847
71 906
413 660
40 423
800 179
367 945
491 489
838 753
562 527
498 380
901 337
661 505
408 931
532 91
583 347
0 938
123 933
101 348
238 93
71 103
141 827
272 101
415 703
852 741
646 697
204 335
383 488
175 318
196 689
803 753
730 925
521 823
313 13
409 890
798 201
69 493
448 657
426 250
904 693
571 276
379 792
9 677
931 707
932 305
16 452
926 498
909 105
856 190
401 209
630 809
666 811
204 6
40 681
11 39
797 767
187 123
722 57
652 613
267 406
245 563
195 435
961 384
635 919
448 686
468 165
385 242
492 954
725 369
798 457
603 508
570 62
980 106
840 268
477 58
284 657
587 23
158 936
204 561
280 691
158 179
391 801
859 28
803 524
821 561
139 40
791 631
115 733
623 114
76 370
245 394
764 617
230 304
250 589
5 912
636 572
419 828
625 57
98 483
103 179
140 974
610 933
139 400
212 534
366 895
488 874
243 770
34 36
889 573
198 102
632 285
414 849
379 199
852 765
335 848
161 444
287 218
313 325
822 638
798 262
988 618
484 191
749 996
140 787
16 798
319 272
811 531
793 203
246 143
903 848
11 343
293 709
575 81
497 997
792 280
794 170
322 124
829 587
572 166
310 854
582 990
669 128
916 570
297 286
38 528
803 292
795 826
604 691
374 52
721 445
990 421
392 953
358 907
852 607
480 705
920 146
988 80
930 136
971 685
900 885
965 201
642 950
682 695
7 338
119 776
775 838
235 52
13 976
175 764
133 373
992 245
818 576
847 532
558 861
411 745
35 405
313 680
106 575
376 898
51 605
680 522
676 197
201 661
774 438
431 321
285 129
773 366
872 402
541 112
19 802
466 520
623 850
469 401
948 396
135 422
627 613
534 765
394 122
703 512
483 867
979 800
137 418
766 194
911 475
753 712
405 985
621 613
283 665
380 932
695 170
180 155
42 953
128 684
589 654
621 723
802 625
671 313
339 336
196 810
192 323
738 512
780 302
726 907
338 251
837 213
14 505
330 923
661 66
11 833
6 969
298 158
50 282
109 992
451 708
692 127
124 239
139 757
925 551
842 311
495 404
895 756
422 469
682 56
111 438
352 431
362 924
31 827
391 592
455 571
65 872
156 254
878 3
437 879
827 262
740 538
905 469
319 9
946 149
