1000 7000
1 0
2 0
3 0
4 2
5 4
6 1
7 2
8 7
9 5
10 1
11 5
12 3
13 7
14 8
15 1
16 15
17 16
18 6
19 10
20 0
21 7
22 11
23 11
24 8
25 6
26 14
27 13
28 25
29 19
30 22
31 12
32 21
33 2
34 19
35 18
36 16
37 5
38 31
39 16
40 13
41 17
42 33
43 1
44 14
45 33
46 31
47 2
48 30
49 41
50 1
51 50
52 13
53 33
54 41
55 5
56 6
57 32
58 41
59 43
60 5
61 5
62 19
63 53
64 35
65 19
66 33
67 12
68 9
69 65
70 62
71 48
72 49
73 69
74 30
75 18
76 38
77 15
78 42
79 74
80 59
81 4
82 34
83 69
84 34
85 2
86 62
87 20
88 20
89 55
90 75
91 69
92 6
93 54
94 67
95 67
96 29
97 27
98 89
99 59
100 7
101 4
102 60
103 3
104 50
105 11
106 51
107 98
108 96
109 22
110 47
111 20
112 105
113 62
114 72
115 74
116 80
117 36
118 12
119 14
120 29
121 44
122 105
123 14
124 20
125 100
126 110
127 82
128 121
129 92
130 97
131 66
132 41
133 128
134 115
135 35
136 4
137 121
138 93
139 120
140 16
141 124
142 90
143 113
144 124
145 44
146 20
147 90
148 115
149 95
150 26
151 63
152 8
153 134
154 114
155 57
156 53
157 101
158 100
159 51
160 2
161 54
162 56
163 118
164 69
165 112
166 47
167 161
168 0
169 21
170 33
171 73
172 17
173 141
174 69
175 60
176 58
177 26
178 61
179 138
180 72
181 59
182 171
183 13
184 183
185 107
186 160
187 2
188 39
189 57
190 130
191 29
192 170
193 13
194 39
195 117
196 195
197 167
198 26
199 149
200 64
201 188
202 128
203 134
204 30
205 179
206 33
207 108
208 120
209 105
210 203
211 9
212 57
213 27
214 153
215 86
216 212
217 72
218 92
219 92
220 219
221 109
222 143
223 4
224 180
225 40
226 67
227 26
228 103
229 6
230 44
231 125
232 104
233 56
234 20
235 12
236 56
237 37
238 147
239 61
240 160
241 225
242 97
243 211
244 78
245 187
246 185
247 9
248 50
249 137
250 129
251 150
252 209
253 129
254 128
255 175
256 27
257 182
258 228
259 47
260 50
261 37
262 22
263 49
264 190
265 71
266 217
267 198
268 212
269 182
270 188
271 8
272 30
273 191
274 127
275 241
276 152
277 109
278 8
279 120
280 189
281 219
282 66
283 186
284 153
285 90
286 137
287 109
288 130
289 228
290 250
291 106
292 226
293 54
294 26
295 265
296 276
297 137
298 6
299 176
300 128
301 285
302 159
303 190
304 255
305 175
306 303
307 23
308 235
309 171
310 264
311 8
312 95
313 166
314 154
315 134
316 277
317 306
318 39
319 126
320 165
321 90
322 265
323 241
324 215
325 294
326 177
327 201
328 284
329 9
330 108
331 258
332 94
333 62
334 102
335 221
336 5
337 285
338 53
339 171
340 195
341 239
342 150
343 187
344 270
345 267
346 80
347 108
348 124
349 333
350 277
351 82
352 144
353 240
354 72
355 165
356 234
357 25
358 189
359 102
360 317
361 70
362 86
363 249
364 94
365 224
366 116
367 170
368 185
369 171
370 284
371 249
372 155
373 168
374 174
375 288
376 366
377 80
378 179
379 116
380 185
381 352
382 154
383 341
384 46
385 83
386 50
387 265
388 342
389 33
390 375
391 252
392 79
393 363
394 188
395 70
396 380
397 32
398 260
399 369
400 259
401 40
402 344
403 250
404 371
405 310
406 71
407 148
408 339
409 4
410 344
411 376
412 93
413 59
414 67
415 59
416 15
417 34
418 162
419 400
420 306
421 88
422 64
423 193
424 149
425 319
426 277
427 255
428 82
429 93
430 315
431 150
432 177
433 47
434 432
435 243
436 140
437 325
438 84
439 219
440 323
441 21
442 114
443 374
444 215
445 397
446 261
447 121
448 358
449 186
450 113
451 101
452 383
453 51
454 305
455 167
456 397
457 235
458 289
459 399
460 279
461 330
462 202
463 352
464 373
465 222
466 308
467 0
468 210
469 445
470 467
471 196
472 128
473 386
474 367
475 38
476 349
477 158
478 426
479 194
480 178
481 328
482 239
483 240
484 214
485 361
486 128
487 264
488 145
489 130
490 10
491 323
492 19
493 325
494 344
495 365
496 171
497 128
498 228
499 143
500 411
501 466
502 101
503 224
504 232
505 236
506 309
507 300
508 497
509 469
510 69
511 235
512 279
513 237
514 209
515 86
516 90
517 169
518 337
519 156
520 483
521 106
522 483
523 220
524 108
525 204
526 264
527 252
528 410
529 134
530 257
531 285
532 325
533 437
534 211
535 59
536 240
537 454
538 324
539 311
540 313
541 394
542 535
543 85
544 191
545 541
546 122
547 466
548 109
549 434
550 31
551 15
552 425
553 364
554 403
555 332
556 24
557 117
558 97
559 109
560 542
561 469
562 193
563 33
564 115
565 113
566 527
567 77
568 562
569 440
570 566
571 340
572 434
573 432
574 404
575 395
576 248
577 419
578 324
579 463
580 555
581 569
582 291
583 272
584 352
585 218
586 447
587 474
588 84
589 429
590 540
591 335
592 421
593 503
594 367
595 499
596 55
597 515
598 93
599 165
600 358
601 249
602 108
603 511
604 563
605 501
606 600
607 9
608 115
609 608
610 63
611 426
612 264
613 205
614 31
615 114
616 243
617 129
618 350
619 290
620 244
621 508
622 454
623 148
624 372
625 349
626 326
627 373
628 69
629 248
630 256
631 383
632 463
633 31
634 153
635 565
636 74
637 618
638 430
639 444
640 190
641 606
642 627
643 514
644 362
645 302
646 379
647 190
648 276
649 326
650 323
651 569
652 496
653 588
654 322
655 302
656 523
657 562
658 93
659 596
660 530
661 203
662 648
663 625
664 346
665 398
666 67
667 206
668 25
669 130
670 546
671 329
672 452
673 166
674 52
675 20
676 77
677 307
678 291
679 575
680 426
681 104
682 348
683 233
684 166
685 3
686 320
687 371
688 211
689 488
690 3
691 184
692 279
693 162
694 118
695 541
696 205
697 83
698 461
699 114
700 655
701 362
702 133
703 624
704 24
705 158
706 539
707 534
708 167
709 215
710 273
711 454
712 429
713 546
714 473
715 649
716 215
717 24
718 472
719 419
720 571
721 537
722 4
723 536
724 155
725 603
726 512
727 204
728 680
729 142
730 626
731 391
732 96
733 125
734 469
735 140
736 664
737 271
738 603
739 643
740 241
741 435
742 406
743 79
744 232
745 734
746 185
747 204
748 363
749 156
750 132
751 377
752 486
753 517
754 5
755 491
756 418
757 202
758 89
759 179
760 623
761 0
762 456
763 103
764 747
765 257
766 309
767 690
768 405
769 695
770 554
771 148
772 727
773 467
774 747
775 174
776 695
777 349
778 746
779 344
780 145
781 194
782 542
783 285
784 34
785 67
786 577
787 653
788 55
789 120
790 385
791 677
792 696
793 252
794 12
795 632
796 702
797 75
798 519
799 466
800 495
801 546
802 619
803 483
804 387
805 54
806 204
807 640
808 232
809 468
810 386
811 178
812 291
813 642
814 79
815 750
816 186
817 460
818 282
819 185
820 614
821 779
822 97
823 341
824 158
825 783
826 697
827 202
828 425
829 550
830 503
831 209
832 643
833 703
834 308
835 593
836 4
837 531
838 6
839 551
840 282
841 333
842 690
843 157
844 603
845 462
846 434
847 313
848 171
849 54
850 199
851 25
852 449
853 242
854 314
855 582
856 658
857 650
858 445
859 318
860 439
861 583
862 535
863 697
864 470
865 425
866 863
867 71
868 806
869 209
870 785
871 585
872 530
873 785
874 811
875 145
876 603
877 353
878 102
879 874
880 394
881 792
882 18
883 1
884 234
885 117
886 445
887 360
888 531
889 290
890 336
891 557
892 324
893 561
894 779
895 303
896 294
897 523
898 420
899 188
900 116
901 240
902 119
903 879
904 575
905 328
906 717
907 67
908 806
909 663
910 100
911 298
912 310
913 334
914 512
915 650
916 92
917 327
918 822
919 619
920 105
921 488
922 138
923 677
924 698
925 205
926 371
927 914
928 885
929 757
930 95
931 171
932 670
933 112
934 852
935 592
936 133
937 480
938 573
939 285
940 876
941 630
942 79
943 618
944 61
945 203
946 211
947 672
948 513
949 49
950 710
951 79
952 185
953 756
954 775
955 69
956 326
957 917
958 260
959 684
960 769
961 121
962 725
963 752
964 495
965 866
966 458
967 293
968 362
969 291
970 268
971 566
972 125
973 424
974 872
975 158
976 508
977 383
978 934
979 712
980 730
981 193
982 820
983 770
984 238
985 345
986 622
987 337
988 389
989 774
990 923
991 711
992 92
993 438
994 125
995 97
996 865
997 479
998 551
999 759
551 464
954 930
958 242
831 407
420 839
16 196
640 831
781 666
682 978
292 767
780 778
16 449
476 400
262 198
68 344
606 163
621 259
801 493
431 283
87 217
150 461
589 369
407 272
817 539
948 641
918 543
288 336
992 535
697 363
484 236
943 498
437 565
883 535
692 494
355 905
42 415
808 62
883 145
409 543
54 141
940 188
30 459
195 478
519 855
540 155
651 310
985 95
862 571
144 213
689 411
867 486
661 390
957 748
686 710
538 572
479 724
95 36
818 740
399 468
570 553
644 698
72 735
27 95
562 218
653 993
549 248
71 112
373 336
863 149
314 683
957 821
929 864
310 717
560 913
925 609
159 251
421 813
141 903
574 631
948 630
836 935
965 890
481 253
375 535
887 521
585 436
620 905
755 666
881 454
785 558
585 716
296 53
970 495
745 375
48 145
921 757
854 269
482 725
838 241
287 529
254 834
1 821
889 268
36 941
111 973
412 526
745 156
363 873
490 0
410 987
217 498
594 263
823 723
341 160
188 35
815 292
410 648
754 369
666 377
901 148
841 983
502 466
701 518
185 304
171 998
909 632
829 5
227 912
604 700
443 204
122 86
14 37
901 153
682 484
262 80
910 608
358 609
61 767
638 720
905 437
323 154
962 913
688 843
805 820
333 899
631 558
333 490
422 758
359 844
150 81
308 325
692 129
464 27
397 986
108 73
855 393
943 528
859 154
18 985
735 866
562 818
581 57
588 157
4 607
549 668
990 886
824 534
944 818
885 992
323 194
996 274
496 810
375 406
46 192
839 637
758 5
937 50
220 70
247 903
930 306
981 988
383 710
480 871
526 407
140 642
206 76
328 708
148 286
428 72
434 212
444 63
478 164
758 488
463 123
674 722
456 798
510 548
126 967
713 54
946 588
287 997
87 643
153 474
836 387
328 549
50 511
528 45
938 410
962 97
932 473
997 680
751 870
902 50
511 766
233 764
302 157
653 462
166 145
590 641
830 836
667 142
308 645
999 331
604 51
413 522
337 382
634 61
473 365
870 974
908 420
657 950
932 218
904 791
289 142
251 668
542 331
159 869
867 804
589 566
987 496
998 31
103 424
312 168
467 431
871 107
884 995
547 726
870 403
242 719
751 418
463 670
897 776
444 585
538 955
678 585
51 339
317 809
806 451
669 70
528 813
384 331
178 292
753 643
707 472
883 384
972 18
661 56
966 306
483 198
72 956
455 445
648 405
888 828
872 361
739 863
836 463
478 495
667 244
585 172
941 219
223 646
146 524
303 409
282 409
974 962
576 899
812 5
741 22
283 117
123 452
134 356
605 99
272 897
999 986
79 664
597 508
266 879
771 317
8 284
212 34
871 867
699 746
102 652
632 834
600 175
558 601
455 643
999 790
52 227
406 574
836 944
720 211
696 677
997 475
651 296
555 817
93 44
601 32
719 220
657 771
69 97
258 293
794 275
674 104
525 763
534 650
544 23
307 860
317 590
497 362
390 857
477 728
128 570
170 263
155 502
546 646
761 479
499 634
21 699
252 588
574 773
300 765
567 707
258 897
451 907
393 976
963 723
187 437
525 244
676 35
169 952
198 2
599 345
933 419
763 484
357 920
545 725
381 978
884 590
60 473
773 721
275 554
813 653
399 155
440 559
935 984
623 611
241 97
621 792
143 297
679 43
961 990
465 722
132 84
167 694
836 192
824 272
307 745
204 106
711 858
778 770
682 730
399 987
794 251
286 308
959 582
767 734
408 332
513 47
474 973
622 353
162 906
933 340
454 706
195 978
130 106
806 508
862 328
546 17
699 625
788 469
141 63
207 478
95 604
309 510
880 360
557 9
479 639
654 222
13 31
416 509
927 541
878 651
651 300
568 972
371 548
72 229
934 211
325 973
17 2
486 743
470 98
867 737
865 707
628 196
336 146
634 784
694 925
510 311
398 237
267 953
727 758
976 167
181 108
344 686
199 418
76 469
701 134
821 932
138 896
70 904
654 385
279 365
388 130
4 451
695 589
548 70
504 838
195 877
477 768
523 196
492 498
523 147
227 171
43 823
123 263
601 335
372 732
556 410
167 363
590 624
154 76
689 39
989 285
857 391
508 714
966 922
487 960
239 594
23 506
783 390
595 235
582 117
569 688
91 878
367 153
908 435
238 812
632 457
188 730
230 116
525 301
614 16
259 335
941 301
495 956
525 262
580 877
276 658
726 588
227 519
321 909
98 204
487 691
175 858
136 130
347 563
911 263
465 655
783 704
529 907
877 44
605 387
560 30
41 938
302 924
389 377
901 548
728 748
817 830
270 613
338 149
365 434
876 500
114 168
345 693
696 486
441 536
196 856
521 166
681 190
198 308
983 882
272 711
683 428
249 196
507 310
774 178
166 421
335 985
613 79
712 227
620 901
526 939
45 884
695 790
473 666
61 399
419 477
809 630
696 707
118 657
32 560
242 171
642 668
962 922
802 615
765 197
235 171
418 113
520 339
432 153
31 719
450 293
626 83
853 506
387 864
141 988
188 917
124 113
873 881
492 971
324 248
172 77
711 280
113 269
173 456
551 352
682 370
393 855
967 725
15 971
794 672
115 969
397 478
245 676
312 779
119 21
462 58
501 585
990 53
491 472
0 186
197 494
321 134
822 170
50 87
301 206
780 483
481 921
268 745
256 257
593 65
647 367
249 841
77 230
974 827
270 894
578 122
889 306
824 913
673 613
762 539
526 660
543 988
123 547
701 224
969 632
718 149
372 680
252 119
664 40
24 729
944 700
400 654
176 389
182 316
588 843
286 233
173 607
296 687
171 663
448 6
778 783
665 30
359 928
438 871
279 334
888 559
806 504
509 621
943 469
347 945
575 742
532 307
790 165
258 870
966 870
245 840
557 156
306 661
972 562
588 47
22 98
285 915
115 74
880 900
926 532
434 873
716 833
168 360
949 155
956 456
809 660
355 749
651 294
734 93
850 72
793 418
592 735
945 17
923 86
936 261
598 213
481 416
891 36
353 700
564 723
968 468
499 287
173 686
545 681
586 504
734 510
785 480
807 536
908 121
681 608
213 530
720 903
173 580
85 523
45 723
662 297
147 481
409 827
592 692
505 61
295 94
41 579
650 703
52 843
72 97
169 121
177 796
42 524
972 274
860 822
796 18
844 132
105 430
770 429
958 873
582 380
406 882
714 932
315 474
688 355
844 731
896 201
542 889
442 415
80 325
628 680
852 802
408 823
137 749
15 657
381 538
332 337
535 368
221 334
816 837
533 252
937 996
737 334
29 479
833 473
947 273
689 463
523 785
751 343
904 626
172 481
548 278
744 180
782 162
506 437
406 776
549 479
280 46
443 931
712 566
421 136
501 56
248 678
626 198
385 7
432 453
908 765
600 883
401 524
547 558
263 281
589 325
431 878
703 499
802 202
321 898
924 460
827 706
233 851
456 156
920 422
334 574
82 656
929 295
414 418
714 734
727 458
472 482
361 98
211 139
177 17
445 660
510 995
59 678
611 903
842 457
944 784
312 576
414 617
866 43
666 287
322 71
355 539
134 177
381 549
277 441
410 93
27 461
351 559
464 924
152 346
378 732
506 694
218 308
544 697
410 206
211 476
412 965
703 115
454 50
41 222
269 731
587 722
979 351
814 121
827 337
307 599
432 575
538 285
605 600
784 506
287 994
418 781
134 769
653 518
626 544
940 654
158 379
472 193
556 447
316 804
276 822
261 199
320 10
461 363
539 112
485 621
46 346
375 549
272 677
189 265
937 227
11 950
512 746
769 109
46 804
679 584
54 108
719 784
910 635
134 273
480 368
528 980
682 296
731 976
111 549
269 408
748 336
692 938
268 376
36 635
152 198
476 61
502 772
677 494
406 587
787 565
581 969
236 508
195 942
345 135
901 334
209 756
572 849
291 933
427 349
517 389
773 467
456 734
885 108
22 789
167 223
92 66
73 494
948 287
790 703
491 253
177 762
38 931
363 84
210 939
941 639
711 632
406 165
19 973
844 680
304 704
504 179
569 69
968 791
479 386
795 93
526 963
334 526
907 457
334 279
222 838
254 454
878 181
885 789
394 548
732 129
388 292
232 581
189 754
638 600
55 287
616 312
618 982
223 327
949 194
529 675
878 24
747 288
528 774
650 177
253 527
896 396
430 43
9 438
364 789
792 650
366 686
812 287
902 551
765 183
223 688
274 409
391 236
741 410
549 655
229 921
404 125
749 410
142 722
147 502
351 216
682 237
307 898
948 111
915 493
8 421
17 877
844 356
358 972
154 351
65 337
981 939
346 791
803 481
868 661
770 714
479 778
93 540
88 429
454 161
526 303
227 996
710 972
858 173
178 825
770 783
572 843
415 716
264 879
289 569
808 183
850 787
271 426
986 383
495 812
981 770
373 470
738 89
150 24
173 23
987 451
289 822
110 100
199 445
375 44
222 287
538 168
977 805
247 652
797 190
485 831
740 404
305 188
881 936
75 388
342 330
206 69
783 722
727 461
364 729
742 439
262 571
605 960
960 750
54 437
736 454
946 202
424 781
424 108
832 920
493 731
703 328
890 119
163 84
503 94
445 726
447 515
268 331
959 413
397 640
497 193
111 339
686 381
441 806
798 886
268 859
274 627
443 619
315 359
393 487
24 927
196 164
816 924
307 525
219 242
333 75
621 61
524 775
461 946
707 47
252 407
422 853
165 843
48 15
643 63
940 231
918 78
40 88
454 26
572 485
236 748
689 86
465 899
678 505
877 656
229 398
238 41
262 318
84 808
873 259
676 254
994 966
52 989
209 769
540 175
685 786
6 319
86 945
156 396
831 797
391 574
874 228
446 364
507 297
144 492
759 849
387 492
71 668
622 141
132 923
956 412
355 597
680 893
425 985
186 52
291 761
454 150
631 339
443 605
598 966
588 786
71 153
161 139
102 602
870 437
425 645
802 96
917 646
683 435
912 891
355 814
950 133
217 429
747 686
596 999
805 932
531 195
963 558
885 279
375 837
480 479
787 227
400 246
982 247
196 224
237 511
813 506
139 85
789 129
401 278
855 671
516 460
101 695
715 120
509 366
395 493
647 466
22 545
328 496
195 219
903 4
752 897
249 301
175 70
936 652
347 19
535 580
226 356
365 560
170 643
188 857
405 661
152 259
635 873
642 431
876 836
306 608
603 470
992 617
842 922
541 513
669 414
512 652
63 961
948 412
489 740
500 373
788 482
597 181
563 652
0 300
86 962
4 94
468 974
111 451
983 458
561 868
970 901
775 824
682 768
383 365
775 941
335 426
543 273
704 266
324 408
739 328
86 207
466 437
962 344
959 187
621 978
519 437
891 979
767 318
284 7
92 337
118 379
537 973
627 561
337 828
708 841
362 51
990 298
698 801
160 382
935 835
633 526
243 525
271 606
505 162
954 143
476 210
285 563
635 997
198 397
577 446
362 521
51 471
812 913
386 375
219 820
583 4
192 66
935 507
932 196
668 764
407 408
677 436
297 418
360 243
271 622
414 764
344 771
106 951
62 885
890 209
800 155
10 746
82 410
399 44
406 693
571 720
497 471
660 236
409 652
714 264
127 841
689 538
810 246
923 599
155 191
101 677
714 261
94 582
422 943
179 581
725 940
520 615
161 170
290 155
738 755
432 623
282 634
704 590
823 388
766 431
718 330
608 156
583 687
122 504
326 831
704 54
747 744
241 317
127 632
651 916
945 627
596 618
617 908
530 301
140 953
993 392
947 525
252 79
724 759
852 326
997 298
337 461
299 482
481 199
544 670
371 376
603 250
857 81
199 277
360 821
954 199
424 844
858 851
929 386
529 549
860 872
274 991
80 217
333 600
557 179
108 478
846 126
400 85
822 337
260 75
829 411
535 877
465 562
78 290
460 893
997 628
183 243
824 916
134 35
316 923
339 592
377 728
968 724
290 280
436 65
850 309
609 538
202 789
836 996
161 852
31 777
965 206
297 754
788 819
157 200
693 741
87 955
55 210
0 525
112 449
999 767
429 582
237 576
492 412
272 478
169 725
236 274
78 67
634 532
325 503
572 492
786 484
239 152
198 803
826 588
319 388
14 431
147 744
916 212
126 403
217 493
521 850
260 884
463 699
835 797
101 491
22 926
552 791
913 243
458 145
203 327
999 513
898 597
698 997
991 541
76 322
821 284
772 49
571 601
808 72
503 690
551 143
366 310
78 293
651 547
90 879
519 430
986 551
804 976
774 450
662 579
465 788
307 538
935 487
910 516
646 924
964 712
624 4
863 546
446 276
711 445
425 198
584 617
351 177
259 455
208 776
787 636
415 334
423 460
769 124
701 622
935 957
765 323
981 701
345 313
86 870
603 577
101 342
747 789
761 118
974 873
80 337
815 333
54 916
257 792
240 599
159 935
362 840
261 144
454 165
370 41
186 262
746 285
887 166
883 45
48 663
43 725
824 561
171 544
461 895
150 264
707 622
131 374
314 991
520 887
748 764
740 517
646 947
701 449
578 726
510 534
550 287
850 984
336 639
740 514
912 535
963 170
770 416
127 210
549 64
557 98
452 290
943 423
881 961
13 649
416 581
598 667
492 965
802 411
628 518
827 811
194 623
430 844
244 690
202 77
922 62
838 105
410 401
308 552
777 5
803 195
734 348
123 365
247 356
604 970
478 447
605 485
9 153
184 339
999 450
109 107
725 515
397 963
790 162
14 444
609 887
360 905
285 74
409 31
43 55
209 322
646 521
690 139
82 30
566 215
504 854
560 55
73 618
658 912
883 497
692 68
885 913
775 179
911 243
812 546
585 107
611 409
433 25
705 398
976 291
711 103
899 172
946 183
103 647
845 912
472 304
53 977
246 944
733 230
699 41
165 536
13 342
179 540
204 864
210 544
720 923
988 986
94 695
122 267
955 361
814 863
14 911
532 431
174 7
648 882
319 107
277 45
245 142
493 148
9 283
193 683
619 435
944 90
85 272
730 540
976 434
214 642
765 931
887 937
380 205
154 95
97 830
559 291
963 70
231 874
889 632
854 123
986 517
905 235
557 787
899 727
38 25
99 941
780 637
50 157
679 473
599 368
94 196
729 139
545 928
89 422
34 701
527 957
437 348
865 791
829 856
298 519
660 525
689 868
886 478
310 924
28 987
73 246
671 836
178 643
574 193
961 791
179 780
544 807
328 415
970 988
972 459
331 930
704 864
906 525
614 612
203 497
50 14
858 281
561 576
378 131
764 621
534 268
319 360
88 829
421 355
477 318
118 296
290 844
18 865
561 253
25 621
16 533
339 409
388 69
194 751
156 202
432 940
362 347
932 458
365 429
696 891
110 414
604 155
614 827
553 108
979 42
851 595
920 531
736 198
28 448
286 495
286 631
293 979
138 756
502 280
339 299
492 766
303 493
713 544
824 892
368 874
262 64
744 217
28 110
522 682
268 537
149 824
571 371
980 24
725 526
605 288
173 699
51 671
992 477
807 830
259 771
714 843
69 553
453 686
49 773
716 835
211 172
424 975
150 156
745 524
893 967
221 777
697 105
594 613
434 657
92 805
649 849
40 962
986 511
592 739
92 923
964 154
465 313
286 550
7 941
695 134
640 740
210 441
225 281
561 574
413 737
490 764
442 183
10 892
753 149
926 341
501 829
358 541
782 608
76 266
725 570
719 24
630 876
530 629
481 789
236 735
980 59
130 244
997 6
973 159
135 125
224 596
711 774
427 13
692 482
945 837
607 55
344 856
624 340
327 628
825 216
298 435
328 860
292 14
680 63
467 834
92 276
652 1
512 329
140 317
708 720
360 501
108 589
875 838
420 503
152 265
797 238
719 466
85 340
182 668
693 720
434 141
753 822
46 396
944 314
337 368
875 464
318 619
751 734
295 851
698 97
767 675
314 194
573 506
830 244
131 118
836 563
506 283
784 144
477 104
219 440
499 383
205 210
336 273
585 88
34 754
517 668
362 812
609 403
340 106
880 713
551 213
915 759
263 85
406 734
804 48
236 41
89 227
645 835
270 801
938 117
720 152
137 136
160 93
151 123
442 587
989 368
610 331
448 311
179 390
284 893
991 281
539 551
624 288
496 468
544 296
929 72
648 866
708 470
794 394
403 105
699 948
421 103
622 163
380 370
93 805
943 893
664 297
930 973
686 867
422 639
179 670
334 256
474 486
305 220
868 643
738 164
865 569
850 509
168 954
611 151
157 68
25 116
782 667
674 128
626 400
359 701
946 138
961 386
89 864
361 367
649 291
317 284
46 721
760 251
450 111
439 699
100 472
189 80
363 721
195 446
310 35
257 917
909 624
461 132
639 753
480 625
526 235
74 505
706 377
2 243
989 215
136 651
868 780
858 735
98 992
128 533
549 331
479 229
523 618
773 962
121 114
650 676
705 499
150 984
682 222
873 936
539 705
240 573
626 880
32 651
860 545
61 607
632 466
112 769
798 692
694 519
603 115
958 923
450 697
136 404
395 338
473 873
116 554
103 337
779 461
397 856
628 661
451 634
167 270
969 258
325 714
487 414
861 175
966 611
602 99
102 501
477 638
340 303
767 395
902 432
765 286
543 950
892 574
328 705
299 949
118 913
875 958
93 719
376 254
172 862
365 43
951 927
370 796
683 496
814 836
971 171
477 193
801 57
375 312
853 676
3 727
705 490
770 390
479 504
222 554
509 763
610 431
880 459
642 397
437 500
21 661
37 21
793 12
89 805
413 899
178 790
589 110
417 550
308 282
273 905
26 755
96 217
638 926
825 184
791 477
105 894
811 352
419 179
351 204
746 149
657 261
553 150
718 849
644 459
629 798
456 281
117 435
558 295
409 654
448 40
516 608
268 327
628 260
343 429
718 107
362 994
318 142
421 383
334 620
833 949
694 259
673 571
295 432
387 294
852 693
936 182
979 147
555 213
166 617
30 0
642 307
415 347
353 865
530 58
201 627
367 598
995 864
897 34
496 778
309 848
291 449
338 225
546 280
778 489
644 242
487 475
999 140
271 858
170 700
718 759
204 117
734 38
331 857
780 349
388 535
514 156
460 773
359 368
893 64
426 198
512 994
821 946
597 299
807 562
582 210
768 259
479 913
795 274
220 544
416 980
208 307
589 102
144 382
791 442
140 654
820 937
278 462
688 465
388 431
378 20
167 795
148 284
697 214
526 993
924 71
702 264
344 530
370 58
888 98
582 326
441 807
945 976
636 483
227 634
236 551
916 768
447 750
31 904
950 524
849 517
690 89
173 625
658 506
917 606
775 395
429 801
788 475
553 44
315 985
943 367
690 620
260 435
730 242
173 702
950 457
276 687
76 842
715 797
608 775
891 380
588 314
654 636
351 382
248 39
803 335
538 506
929 251
806 101
473 361
404 637
27 430
20 34
654 932
328 384
409 273
421 144
994 530
125 153
856 222
942 900
454 437
240 29
932 481
586 888
110 498
828 795
867 843
822 493
305 594
639 221
463 476
108 89
448 199
891 516
166 276
823 993
670 739
839 595
713 227
464 189
307 886
140 797
66 506
62 932
348 385
290 329
570 743
370 457
359 876
451 79
119 469
386 224
179 490
6 689
975 960
614 917
639 282
776 64
959 542
513 526
30 412
656 728
691 203
124 755
40 127
743 911
348 551
576 114
129 522
901 336
708 572
451 446
973 326
632 456
560 455
810 707
648 646
380 216
607 638
378 318
783 567
477 990
915 756
613 710
21 355
496 509
850 960
52 11
561 683
395 739
86 537
362 532
139 730
703 263
10 264
895 420
29 904
617 808
353 417
818 461
538 801
786 891
669 155
63 863
536 162
901 399
645 275
116 538
571 5
337 991
619 862
592 535
615 920
700 531
890 932
683 619
985 576
62 994
776 349
381 747
974 941
388 649
470 999
963 828
589 370
383 429
933 545
606 506
671 840
939 491
351 858
990 942
783 215
154 204
974 1
886 518
728 520
212 38
453 104
513 609
416 163
249 518
306 172
107 428
821 650
633 717
318 64
772 700
368 421
489 35
640 25
579 92
559 816
193 700
353 279
946 99
487 398
539 810
582 535
684 440
329 694
890 751
343 868
209 34
0 282
238 939
222 535
292 786
648 831
561 58
324 183
337 199
845 405
293 810
72 989
796 188
978 305
80 43
891 229
497 63
325 382
301 104
568 339
656 257
668 907
436 678
816 838
911 984
61 612
114 26
653 740
850 221
629 779
121 10
464 459
283 534
757 161
479 3
322 594
289 379
773 190
59 999
189 914
940 904
746 824
656 897
953 921
318 725
342 578
993 875
288 385
555 809
549 398
440 527
998 609
645 610
915 701
819 248
46 534
701 624
828 522
906 366
725 117
179 621
873 288
562 630
972 676
685 880
912 874
783 711
995 58
194 328
935 758
974 901
661 298
556 771
832 432
805 157
476 307
743 151
688 876
25 537
446 555
392 737
909 360
459 267
425 662
795 926
146 136
776 942
172 588
757 80
668 417
271 259
245 873
750 996
398 631
702 612
221 720
766 339
696 139
139 505
993 925
357 761
137 139
489 815
130 434
430 499
821 359
583 436
101 258
550 262
577 760
655 464
896 554
639 805
888 972
818 502
949 937
131 606
750 132
824 139
305 799
273 380
634 77
3 858
89 760
66 676
80 568
520 979
245 771
278 398
124 579
312 262
19 503
550 806
866 997
264 893
461 764
158 362
96 695
995 425
726 366
591 961
93 485
565 236
474 397
236 74
507 576
297 322
955 738
256 980
651 430
313 590
361 922
628 579
486 318
493 21
861 73
887 764
735 583
156 66
547 858
255 466
621 715
999 243
562 641
817 27
177 533
964 8
925 851
728 930
485 722
862 876
870 358
290 579
330 523
25 412
12 616
902 167
849 49
484 271
295 530
742 577
694 640
650 394
242 660
471 565
737 701
746 639
489 426
151 916
347 642
712 50
395 251
547 117
149 922
543 519
347 371
756 704
411 52
826 622
949 549
72 923
78 209
610 322
513 648
793 510
158 315
380 129
137 310
956 991
605 601
540 201
401 96
960 130
482 19
165 478
812 120
593 545
332 798
397 729
412 271
171 172
779 475
989 846
508 410
480 261
808 715
330 327
25 14
581 768
853 598
90 672
52 188
670 642
247 655
391 553
979 138
749 858
658 959
971 55
622 596
447 251
929 335
352 551
808 304
536 877
342 265
650 442
472 473
816 156
754 515
797 606
844 515
86 117
895 342
752 177
494 577
533 6
493 506
740 9
448 127
574 963
448 744
899 722
487 557
220 118
729 789
756 830
654 589
54 59
175 866
695 61
519 907
345 297
790 586
8 254
289 347
257 62
914 235
623 488
170 662
826 674
456 75
306 603
444 465
900 908
834 523
748 631
800 951
826 432
791 908
240 15
124 637
121 665
30 828
346 822
852 366
123 5
443 874
698 858
676 690
388 459
713 193
92 868
855 935
243 918
808 530
474 103
709 491
30 351
502 420
67 90
814 413
666 144
93 681
715 61
548 752
440 343
326 100
243 171
632 282
447 927
362 353
251 241
649 725
344 141
835 614
291 395
122 388
140 256
388 682
76 547
32 353
109 556
174 671
851 83
578 662
273 949
558 207
961 544
342 980
784 950
781 362
844 501
536 480
15 899
340 542
163 689
722 360
400 368
848 629
699 331
921 622
356 564
307 585
880 318
554 739
903 702
60 452
17 174
739 52
833 58
973 523
626 51
266 4
641 78
266 886
914 654
314 880
705 362
427 365
153 438
446 732
595 183
511 834
436 155
992 237
531 61
142 29
184 61
623 243
247 146
966 805
321 325
6 38
597 631
364 723
168 846
918 953
967 39
802 244
890 562
70 694
950 11
417 276
954 806
990 19
596 233
809 663
350 651
599 792
714 37
393 240
733 481
828 556
466 450
395 388
534 765
741 273
795 690
23 997
945 5
356 164
835 95
189 886
785 168
513 424
220 745
424 467
891 64
687 69
107 187
73 56
284 789
114 832
198 711
298 966
553 628
282 553
251 758
346 574
189 324
791 87
224 157
992 323
588 999
634 162
733 787
507 186
950 157
186 763
13 402
544 815
491 47
644 985
510 856
587 783
749 38
798 799
142 216
949 750
531 657
546 831
614 22
642 774
457 996
383 495
687 121
27 908
585 709
231 653
329 231
624 879
961 273
274 665
197 321
677 830
845 535
10 980
521 378
893 431
305 845
788 246
345 101
511 619
850 526
683 5
660 583
183 335
778 218
291 554
647 469
320 271
192 692
962 90
142 852
636 612
701 441
499 703
915 815
161 460
951 555
822 425
766 716
76 918
101 94
626 357
857 190
354 218
744 570
139 198
678 138
675 796
499 659
991 231
939 905
291 191
323 997
5 1
882 646
72 740
741 208
315 382
107 483
488 423
466 166
920 83
126 32
126 116
837 808
516 849
762 55
957 401
362 159
664 926
90 611
445 417
653 681
567 852
524 783
531 418
490 291
303 893
980 815
495 701
957 351
672 574
798 183
815 996
455 20
714 328
842 119
290 375
8 156
70 270
334 153
522 461
164 473
750 78
721 120
715 576
466 968
787 56
6 27
435 305
307 286
973 694
658 630
112 913
755 201
894 369
790 492
827 578
397 828
709 245
754 112
789 44
989 562
89 638
588 701
183 287
774 852
505 475
470 508
172 890
701 673
283 251
222 185
11 703
773 841
953 498
324 947
734 514
218 995
236 617
620 552
373 722
905 692
221 881
287 846
832 912
63 721
816 112
222 762
434 841
115 453
718 553
885 149
851 958
99 717
859 34
720 738
254 346
765 61
846 443
237 880
331 778
545 597
923 453
743 871
519 457
248 981
524 995
383 520
236 645
960 375
578 952
542 836
239 618
510 328
736 410
136 438
165 72
953 287
730 327
164 724
120 183
326 876
685 588
788 476
741 474
47 292
122 953
361 52
826 34
724 836
708 151
557 231
622 64
589 270
549 188
549 302
735 853
993 110
649 123
935 353
320 692
502 599
283 373
115 148
143 250
802 783
363 445
963 85
149 110
128 295
38 928
922 770
517 56
265 222
771 396
849 342
202 699
594 712
688 878
94 423
255 796
210 239
409 968
155 91
849 82
891 584
767 239
137 807
85 921
431 20
496 316
794 429
743 583
387 392
477 100
122 944
337 826
997 922
729 634
556 756
143 291
151 820
285 136
951 972
148 128
666 293
88 199
959 545
461 973
832 836
931 240
789 337
762 448
221 951
44 915
93 461
383 219
48 872
770 526
673 732
560 157
782 858
47 212
703 497
881 100
209 948
762 308
915 176
103 479
599 960
308 361
339 924
488 75
957 950
586 377
816 562
517 688
601 331
136 321
989 804
238 35
933 26
546 24
332 573
710 164
285 6
441 860
969 629
494 123
400 929
324 806
164 17
225 793
840 497
288 872
640 361
778 430
450 578
555 625
979 750
736 108
728 230
326 8
540 483
618 454
76 146
217 561
458 205
292 141
766 767
495 581
513 318
816 681
144 553
299 683
997 414
487 887
404 883
800 208
855 667
113 653
762 852
438 8
258 973
64 249
353 780
205 575
507 960
493 269
642 411
660 623
980 730
145 780
307 942
57 135
160 938
376 89
302 496
813 297
649 206
801 145
458 943
803 220
430 359
122 752
307 468
37 537
951 953
547 44
480 719
341 289
734 863
656 164
782 689
792 329
97 608
882 809
306 995
47 507
848 968
257 142
742 777
931 538
422 290
101 581
207 892
96 191
483 10
462 399
440 424
718 326
569 94
965 547
767 61
781 464
77 646
532 336
486 441
569 955
809 640
559 18
770 128
187 213
320 778
96 705
404 145
874 759
211 425
377 991
573 247
342 366
806 629
551 226
985 118
178 627
123 344
832 249
887 872
371 428
573 335
902 172
991 471
772 92
56 649
843 240
880 545
689 674
832 292
101 250
525 463
978 136
265 301
69 335
872 713
487 99
961 121
730 243
477 979
652 946
672 92
690 377
923 45
771 478
339 202
838 310
400 267
817 791
853 670
351 978
499 957
446 488
544 558
675 527
386 595
750 328
345 127
536 462
76 841
776 973
443 909
160 418
542 368
983 581
679 5
346 347
124 919
864 624
665 326
466 530
797 98
439 696
692 427
134 535
433 640
698 648
839 854
761 552
491 462
261 555
844 821
66 248
517 781
342 359
360 882
75 86
937 531
1 510
351 754
915 470
830 481
875 262
598 664
832 256
110 111
406 140
478 675
29 675
152 470
947 810
788 152
154 25
495 982
731 963
401 466
202 189
766 593
109 404
920 335
5 822
74 985
717 358
883 369
773 17
765 906
457 371
74 139
27 743
504 606
295 177
308 166
780 154
588 5
793 221
648 441
248 379
936 379
536 906
727 807
239 139
238 419
796 864
44 183
993 229
668 465
442 665
313 705
204 629
735 607
157 414
976 32
474 686
517 855
862 573
376 569
408 464
63 939
109 682
18 289
532 52
239 192
245 999
638 876
894 939
113 898
478 894
142 557
145 214
472 309
327 713
956 264
360 716
77 759
100 827
763 421
705 467
384 416
734 241
507 406
242 842
767 434
157 382
391 848
768 850
109 634
988 288
520 966
581 582
957 135
284 262
547 763
982 224
93 361
675 227
866 32
605 39
699 363
141 496
236 916
870 633
231 881
557 325
392 503
685 857
175 178
203 918
986 626
937 155
295 644
153 206
757 897
938 495
905 529
310 167
476 6
433 243
208 875
429 754
359 852
236 736
373 670
412 233
589 96
90 946
657 214
9 717
904 453
454 594
803 320
859 516
365 340
209 481
222 809
849 592
351 228
774 570
198 708
204 63
117 845
69 941
970 471
208 222
483 617
373 384
147 321
372 540
386 592
572 113
746 253
487 178
503 307
750 397
897 283
992 475
989 912
182 642
480 317
397 664
605 548
679 540
382 275
386 360
464 417
23 588
463 654
31 885
372 760
666 477
145 819
241 900
934 119
619 817
774 943
661 137
209 675
61 107
474 807
72 617
650 802
583 991
461 886
161 250
543 556
113 62
720 229
94 209
565 79
924 164
765 479
990 657
770 903
632 814
424 160
504 900
498 157
290 477
197 877
503 556
929 923
21 675
868 151
861 977
307 739
665 8
71 972
802 616
450 947
958 501
819 23
989 158
541 722
402 54
900 5
791 525
700 879
864 780
902 750
322 374
345 185
773 218
582 747
879 500
244 87
351 757
791 857
545 427
489 816
718 809
786 856
117 675
743 282
113 493
229 924
998 859
626 412
851 957
654 504
691 217
429 832
481 697
158 561
744 103
112 541
606 873
204 513
342 380
138 20
128 333
179 554
927 180
212 546
891 582
973 15
855 171
475 599
752 320
275 870
369 487
813 417
210 383
660 66
17 600
880 120
365 256
72 828
595 951
254 752
361 208
54 569
468 147
978 748
379 413
188 105
317 788
362 310
957 50
468 514
8 28
550 421
129 419
590 425
9 373
62 489
542 93
680 412
431 317
764 427
486 835
656 437
665 166
99 397
733 469
921 481
921 699
665 429
342 117
204 116
626 462
357 262
746 535
106 670
236 200
882 186
772 960
326 808
372 550
107 167
944 366
584 617
97 738
405 498
580 230
59 143
303 141
404 99
7 369
388 601
937 107
603 798
484 845
890 923
690 767
479 41
899 362
607 742
170 634
289 723
992 569
805 443
531 852
391 173
59 527
113 656
731 150
71 529
431 263
774 395
390 348
903 900
42 564
38 329
146 189
892 566
737 574
297 234
18 432
2 708
370 947
592 603
833 673
932 76
124 56
954 97
414 503
217 13
442 736
665 948
302 669
90 673
213 56
619 638
210 519
445 194
546 935
456 770
885 751
233 335
168 923
152 101
759 325
809 80
42 143
86 755
640 37
434 143
864 565
672 750
798 684
246 838
258 908
615 926
9 836
647 441
737 683
939 280
784 172
334 539
4 277
660 500
716 549
192 516
451 899
394 909
426 663
912 638
938 219
733 446
508 516
646 236
495 392
301 361
301 7
727 843
223 582
874 48
344 30
470 290
528 654
957 141
613 218
188 383
912 542
266 974
539 479
862 756
865 985
999 761
741 402
949 735
905 718
732 821
977 721
546 333
193 914
567 344
364 411
39 278
755 881
183 150
195 186
839 368
436 500
438 397
746 942
716 384
541 776
495 235
544 776
5 101
478 499
784 829
776 388
600 365
176 387
324 695
989 254
871 88
355 911
693 850
127 552
114 789
506 966
67 611
85 440
540 760
838 794
662 177
910 415
291 616
803 360
731 344
853 836
595 696
29 756
183 494
762 688
352 653
898 726
721 892
391 428
200 666
181 187
28 57
520 817
870 553
549 301
490 821
757 280
33 158
352 982
367 359
253 710
89 808
189 55
783 4
220 571
297 33
423 567
266 42
289 925
351 855
39 415
297 747
523 913
601 707
836 718
732 30
131 992
171 3
854 637
850 731
828 172
796 403
910 698
959 361
215 513
968 130
817 762
927 736
121 919
688 780
784 787
632 964
747 34
183 50
882 18
109 313
605 487
129 980
956 103
109 765
501 205
40 366
367 358
541 424
550 260
302 337
963 151
258 123
652 97
601 673
546 189
132 493
189 352
968 198
183 777
475 817
34 301
132 655
979 704
190 912
173 187
531 293
164 687
853 322
601 493
977 436
544 165
562 36
760 650
26 459
841 414
861 297
18 408
819 920
104 970
306 307
565 382
834 895
533 218
977 180
559 80
812 556
968 388
896 921
788 245
515 868
945 807
1 599
135 909
709 784
56 92
796 192
924 874
108 55
970 975
233 724
199 811
904 941
689 968
139 467
634 844
174 130
430 53
899 982
56 443
69 946
364 453
962 529
783 524
971 710
137 763
718 964
645 635
428 860
895 180
79 320
52 699
176 860
732 815
671 632
998 907
754 595
681 123
218 436
938 256
850 887
851 490
162 228
374 899
738 895
46 342
822 849
430 737
974 470
129 274
822 48
535 595
607 740
884 286
714 443
110 117
448 381
139 579
183 956
698 434
695 758
637 354
249 429
600 660
71 177
940 947
92 427
377 662
355 804
536 967
26 872
94 82
376 304
765 703
237 972
992 427
736 262
38 210
611 715
817 787
717 891
205 55
527 102
919 176
584 639
774 457
799 7
685 79
998 325
815 290
17 294
450 742
269 36
174 467
38 11
84 33
278 251
327 85
917 340
499 156
969 925
23 846
489 29
278 165
115 128
687 328
839 383
589 215
250 479
843 959
505 333
993 418
442 360
597 312
18 441
85 954
242 915
162 590
547 283
299 381
610 363
940 716
967 195
313 991
937 619
19 519
6 248
517 529
729 211
590 550
529 128
737 454
657 484
696 292
761 359
64 452
970 154
226 73
178 894
762 896
479 469
648 707
784 138
114 806
316 564
619 680
520 646
421 313
727 854
430 526
517 868
966 369
594 908
395 616
935 17
366 36
790 541
215 457
262 867
888 32
625 702
341 704
647 348
171 855
412 31
25 336
240 101
373 144
819 427
650 49
793 449
262 694
340 13
200 512
34 175
837 648
135 396
403 949
270 328
854 938
504 549
646 197
639 814
666 128
262 65
46 705
201 189
355 622
252 503
748 345
464 299
909 748
954 14
242 178
341 432
779 262
184 972
183 81
41 655
426 124
43 477
796 518
192 981
996 634
93 543
930 477
360 234
85 156
967 254
573 786
236 90
628 964
104 304
436 945
142 756
376 371
756 785
645 127
665 410
366 824
647 735
606 627
804 587
879 497
982 112
267 321
618 587
265 706
867 633
694 195
769 427
473 749
544 433
206 265
512 659
205 94
769 192
145 898
880 670
257 17
103 242
758 956
0 828
490 957
143 117
295 933
760 592
986 231
992 384
55 107
102 565
788 640
266 394
348 583
481 495
825 264
13 907
180 638
915 693
504 238
217 138
207 977
705 663
114 540
378 87
209 699
621 224
384 289
315 761
476 705
91 156
615 12
622 865
621 246
454 216
48 806
750 221
429 598
876 623
504 640
828 846
851 115
359 158
681 496
478 324
121 112
544 610
430 106
563 943
79 649
561 217
672 658
62 335
586 257
319 786
841 337
688 753
353 39
434 959
197 628
497 972
634 411
39 57
587 773
101 356
29 468
170 829
890 867
979 848
857 516
192 473
208 272
554 332
640 310
968 503
953 956
195 675
695 637
278 702
397 54
416 737
961 256
723 550
710 662
890 223
127 776
195 69
120 390
630 12
726 348
333 538
163 854
726 94
256 92
44 748
363 982
755 735
113 490
563 447
145 130
493 333
969 253
204 671
920 64
116 582
770 501
421 649
301 804
901 56
354 968
368 804
919 191
916 182
611 978
923 833
629 112
638 207
212 306
624 103
559 389
338 818
159 60
415 846
478 671
47 56
26 689
428 997
587 878
374 277
393 748
207 208
632 704
16 281
197 970
662 746
877 816
877 958
470 573
387 36
835 888
45 930
271 818
13 709
541 49
565 959
997 438
747 528
601 963
920 734
587 563
668 117
611 734
625 230
985 340
68 62
207 757
9 96
654 886
122 422
618 869
948 25
396 337
852 200
461 221
688 868
987 599
465 275
726 957
529 706
897 240
625 131
139 806
925 654
863 717
635 12
592 357
82 905
858 728
950 108
963 848
617 525
8 216
358 87
699 195
646 548
360 110
140 634
956 104
84 741
621 904
459 711
117 998
267 801
968 123
795 930
107 937
942 267
685 710
398 769
183 449
895 201
659 950
285 205
355 123
462 868
969 779
844 221
65 675
349 117
404 452
837 174
777 541
914 901
590 728
680 897
419 741
817 934
613 581
800 382
991 148
626 589
335 708
239 397
665 168
581 812
354 164
574 255
598 685
47 210
950 381
440 100
310 326
485 55
604 20
290 713
757 481
187 194
422 622
230 326
337 925
843 155
170 783
607 692
566 417
396 636
564 439
775 683
489 484
493 72
921 569
911 434
685 357
781 489
885 981
443 8
358 862
632 817
544 314
638 668
558 374
440 375
461 88
353 971
138 847
508 936
718 277
323 916
834 475
677 163
527 840
471 907
176 167
982 272
952 830
787 380
697 600
440 20
494 803
200 235
495 966
896 780
692 128
867 67
0 640
570 563
601 724
413 962
738 800
626 175
843 505
492 798
707 658
14 367
247 469
867 836
456 435
751 11
856 752
361 516
495 502
603 930
79 700
283 333
237 463
681 812
763 584
611 588
211 695
672 282
737 662
208 265
553 907
815 833
477 52
726 563
949 997
380 634
913 666
599 15
666 421
468 688
819 264
291 131
519 581
977 668
736 969
442 87
867 845
502 20
16 212
732 848
582 198
910 858
942 108
520 162
530 14
128 144
43 615
711 478
889 210
42 110
974 366
174 557
740 660
378 368
945 542
210 631
428 755
213 750
512 104
748 420
602 902
611 216
451 561
88 368
211 727
662 63
756 728
953 229
298 747
146 181
768 693
3 789
243 354
484 262
363 301
502 361
436 951
378 442
813 848
458 512
805 75
133 504
508 626
489 854
228 759
91 762
310 723
511 986
665 467
916 347
703 942
668 417
810 792
512 91
350 486
670 399
621 989
969 856
446 599
264 673
747 569
655 217
907 895
244 989
818 39
575 392
881 793
380 640
937 152
639 531
735 128
620 145
341 8
317 415
839 287
145 287
714 633
948 933
608 242
897 327
107 173
742 578
155 344
543 489
330 733
526 105
227 455
908 786
4 818
751 848
90 148
457 449
773 108
355 881
520 983
653 650
414 448
870 417
726 546
123 824
367 567
454 132
443 437
601 252
216 984
553 338
234 13
689 534
31 340
350 598
705 136
714 792
473 476
879 686
837 944
797 262
443 588
936 235
955 544
165 591
127 903
8 189
339 156
816 887
116 761
901 412
312 358
656 285
396 158
591 126
426 605
433 140
115 479
861 218
308 107
533 511
45 661
707 93
152 169
732 989
840 703
655 881
352 267
360 880
318 100
352 437
632 455
961 53
207 936
278 352
271 3
562 975
432 117
756 101
396 547
395 426
103 167
864 622
825 923
338 759
460 337
244 996
235 719
889 327
986 349
377 37
703 284
670 340
385 973
832 555
61 896
261 688
534 335
561 940
376 377
190 518
58 127
428 156
866 371
329 268
849 65
548 228
968 344
94 765
583 623
924 792
363 907
278 128
967 375
986 325
775 534
808 883
181 531
754 957
684 399
242 411
775 197
105 299
461 174
616 895
995 269
246 666
395 43
876 144
51 285
212 453
678 385
625 151
320 588
924 92
855 945
253 295
91 723
613 17
990 10
415 46
346 907
328 882
88 709
622 263
545 269
683 484
656 646
473 560
755 265
456 747
978 142
46 738
89 41
544 3
83 848
133 710
605 690
21 682
836 961
450 392
64 297
827 758
220 739
729 308
183 952
281 933
358 697
43 306
974 154
477 580
90 162
712 747
207 126
651 348
126 161
388 442
110 368
463 640
792 609
429 135
216 156
362 749
718 816
729 189
424 239
210 148
983 424
61 796
701 452
947 402
529 999
977 644
333 423
531 887
290 327
966 773
36 527
798 531
631 685
96 547
808 669
475 683
568 412
187 745
848 890
998 188
662 250
225 378
737 531
764 453
366 218
901 322
900 366
196 740
726 446
350 48
797 830
268 165
173 718
215 932
345 154
218 822
898 698
457 572
174 426
696 114
148 152
922 789
807 367
720 802
424 592
127 712
71 929
752 799
324 242
268 130
589 69
278 853
606 46
162 926
625 533
764 725
802 152
140 332
386 448
452 642
695 919
837 247
584 366
114 768
229 888
592 163
535 120
570 758
623 340
897 689
937 933
485 781
69 484
998 160
213 885
2 474
937 43
810 297
764 702
601 469
780 141
249 156
659 718
605 860
624 159
880 251
505 14
261 193
388 630
554 141
91 208
96 764
547 190
951 847
331 751
736 285
175 78
752 799
582 969
173 980
250 286
89 414
829 606
227 834
980 762
988 298
698 414
730 99
946 707
475 947
822 482
270 549
221 879
148 215
104 635
15 373
635 49
677 154
398 775
526 722
140 641
80 579
620 590
516 656
551 120
908 798
135 518
707 528
126 486
287 733
110 743
901 386
279 690
825 779
360 25
620 511
956 814
67 369
341 952
471 194
949 813
412 321
217 497
508 380
868 683
791 137
556 677
528 870
810 397
710 83
787 997
11 185
441 29
339 485
947 654
697 177
292 636
535 77
672 189
526 13
686 257
613 969
98 615
565 502
220 528
820 723
291 325
973 406
929 253
711 843
958 137
734 483
859 698
301 514
429 283
67 264
377 328
299 554
867 241
683 642
425 297
534 688
5 825
482 467
874 734
869 597
276 577
773 433
41 670
478 102
242 35
121 956
802 58
915 816
604 448
112 226
993 259
652 817
932 804
761 367
640 110
42 860
810 478
802 673
433 919
545 810
388 257
798 269
479 448
296 459
429 772
218 428
481 341
191 599
360 528
678 325
770 815
776 53
101 473
860 961
580 921
436 165
603 262
68 612
299 196
136 681
174 133
222 683
155 231
442 246
519 527
591 881
7 46
68 784
972 758
698 264
746 834
181 96
51 396
189 935
392 209
819 575
473 92
838 688
918 297
989 158
407 289
25 476
138 413
529 741
810 296
899 541
292 155
938 119
234 295
502 226
600 823
487 921
661 247
323 736
355 583
187 685
777 442
152 611
882 408
770 605
918 26
715 653
875 77
721 111
68 795
987 411
140 588
202 701
320 928
980 133
721 228
422 724
723 773
460 350
353 454
394 754
519 859
489 56
563 647
781 468
155 700
896 84
764 94
788 917
691 140
587 483
0 168
294 212
150 248
44 567
505 645
886 194
581 773
206 302
730 777
633 35
851 931
76 375
430 996
431 262
434 472
658 814
77 498
886 790
313 534
130 853
663 126
436 131
650 68
573 393
625 994
865 339
733 773
20 955
876 381
158 400
308 76
388 690
840 624
3 529
100 661
424 490
69 298
451 756
690 738
979 156
122 805
265 629
183 218
83 112
31 777
350 617
411 197
98 498
39 337
408 415
69 559
277 431
828 433
937 916
869 119
951 994
51 48
192 146
645 899
340 73
543 873
479 536
883 55
235 110
428 476
354 452
338 20
602 889
85 829
298 448
210 888
981 695
595 411
231 655
496 599
242 50
6 329
235 804
158 564
232 959
344 369
49 35
590 419
715 949
271 747
931 497
594 786
284 352
182 566
883 316
181 999
855 706
223 960
116 839
928 315
160 192
629 335
593 740
140 986
49 329
596 150
467 578
759 343
61 16
845 757
517 755
541 999
90 693
829 852
239 108
850 526
703 174
265 122
809 554
949 187
664 237
976 38
723 638
534 37
309 888
667 547
464 476
273 379
971 130
306 465
805 191
385 779
225 504
813 85
120 265
454 375
440 100
57 498
342 319
492 632
249 659
472 679
462 691
954 117
496 612
317 583
148 633
865 5
236 51
391 218
970 315
432 381
43 836
152 490
307 629
900 656
650 837
982 700
171 237
302 715
183 152
165 274
38 644
842 640
591 424
818 213
498 664
676 498
918 466
732 229
18 15
51 840
704 36
292 762
864 435
340 483
247 207
245 174
264 28
162 298
713 895
832 941
232 468
688 278
930 346
625 917
243 257
796 632
936 199
979 17
886 60
951 232
843 823
456 415
365 834
774 925
786 209
330 235
17 92
179 438
870 795
815 970
493 857
514 87
598 765
909 250
679 236
805 406
727 425
827 176
22 197
359 554
432 222
924 493
541 77
479 586
492 925
972 48
669 399
143 437
741 33
215 141
938 519
592 963
901 42
537 366
107 338
704 8
986 329
229 31
609 640
796 377
239 120
103 221
325 187
927 840
455 259
212 442
698 349
257 170
493 799
781 983
64 171
93 624
705 532
625 777
708 793
233 282
884 95
449 510
565 770
260 167
645 87
672 22
180 452
587 152
909 749
636 539
46 664
622 925
711 302
933 103
812 151
502 878
392 971
100 523
109 185
339 658
682 709
523 645
829 584
561 902
972 328
868 320
507 960
1 153
375 676
289 264
863 973
571 783
656 503
148 154
422 441
928 879
634 5
424 611
359 891
199 401
741 964
477 110
853 823
622 362
463 140
259 178
592 771
682 391
451 35
411 650
311 937
789 668
55 615
323 74
444 989
846 446
954 165
274 267
528 33
796 354
285 11
979 53
293 789
173 272
13 980
842 599
832 852
505 387
140 186
584 980
358 730
114 443
316 803
834 175
911 25
199 254
259 567
135 795
764 560
54 892
132 601
372 449
845 533
388 227
461 575
900 674
612 470
486 294
894 35
15 788
25 94
326 742
792 936
746 956
481 846
369 76
89 928
135 971
378 990
996 483
540 332
922 653
196 248
732 862
218 689
947 877
840 865
28 284
315 352
537 73
811 219
413 279
471 919
570 934
83 178
578 241
312 484
403 70
165 679
109 312
456 671
39 492
160 359
298 220
334 394
608 146
542 386
287 458
752 603
926 195
908 27
99 794
141 512
984 323
959 94
668 639
690 791
610 757
158 410
826 729
177 406
21 5
63 653
224 285
700 979
938 912
240 224
54 741
636 453
951 635
711 87
765 667
652 825
423 866
975 806
261 23
3 467
107 585
214 595
485 907
985 841
248 753
912 266
973 949
95 338
574 282
308 953
778 718
865 256
812 767
838 821
9 234
389 921
202 740
630 811
826 691
837 321
968 482
383 635
699 591
518 56
535 678
933 647
627 581
502 541
782 792
390 110
980 229
622 281
850 160
468 438
701 345
243 648
904 51
311 630
958 235
553 464
983 384
591 774
708 827
382 778
839 871
625 860
345 492
968 438
620 494
424 191
91 311
838 506
999 24
283 586
632 884
560 930
32 698
560 771
769 225
397 750
900 150
645 29
271 145
928 391
692 176
326 159
313 20
620 992
370 381
518 129
316 436
864 572
335 42
585 363
76 487
919 634
928 491
629 996
360 381
314 899
566 798
467 825
334 145
770 348
845 851
935 57
731 614
304 745
160 982
977 175
376 451
240 843
111 315
360 718
244 672
459 666
106 695
940 500
590 243
187 379
547 605
35 643
487 39
262 390
2 906
634 539
763 123
70 546
149 338
216 817
743 798
495 674
515 638
311 240
507 899
525 150
153 31
704 441
775 770
156 574
916 31
775 7
400 540
215 841
774 579
512 389
657 87
559 731
107 68
894 886
771 81
791 902
961 393
153 398
37 892
996 415
465 804
148 961
221 121
67 296
651 16
784 455
870 728
426 841
595 217
148 830
437 764
546 298
398 212
475 844
891 847
771 556
226 298
155 114
447 411
220 71
63 50
789 670
628 725
709 563
340 92
501 183
854 859
378 688
364 616
246 832
848 880
53 686
542 421
418 177
778 462
665 774
557 500
492 14
524 525
67 606
273 451
286 275
787 307
221 765
968 33
363 614
676 532
808 168
391 753
207 157
423 461
206 249
326 187
291 139
740 81
365 522
521 439
490 140
935 808
874 81
690 242
641 181
82 793
68 815
458 455
210 984
674 71
488 945
252 373
203 937
449 151
504 741
566 598
418 422
510 575
136 701
110 298
602 211
73 868
181 583
575 486
18 786
471 100
380 204
107 847
631 256
595 891
752 381
582 355
460 597
581 347
50 281
683 8
755 75
614 793
330 788
780 706
539 802
135 781
606 362
28 285
217 418
834 448
647 554
1 562
208 394
812 697
746 502
706 158
557 76
231 825
292 138
981 380
858 2
326 578
477 16
277 449
277 929
775 60
159 622
740 818
502 350
654 528
555 180
748 981
341 602
188 466
542 896
381 410
338 645
381 727
325 360
737 872
516 661
437 149
582 568
125 614
355 264
249 339
639 104
103 79
329 841
303 265
758 866
547 672
307 832
102 751
274 743
266 805
709 991
198 351
653 642
842 930
254 455
334 617
898 104
894 761
175 833
163 968
199 54
468 408
832 303
107 326
447 384
911 755
667 442
345 346
1 568
618 838
407 168
1 163
263 31
261 859
100 345
468 176
690 537
513 412
761 445
228 894
453 990
828 118
954 891
932 992
698 307
40 233
611 887
871 99
50 259
557 747
337 421
645 793
673 391
862 778
525 255
904 92
224 949
6 802
619 79
586 193
57 563
953 420
784 273
136 57
29 967
635 149
286 261
980 440
114 291
663 281
144 833
515 661
340 205
948 688
969 929
62 128
845 950
691 811
528 349
980 897
472 298
155 94
438 69
150 30
96 457
76 939
502 542
147 361
378 712
749 161
469 877
31 496
620 70
393 298
638 35
546 932
311 208
898 164
867 143
841 434
804 342
191 194
237 644
542 52
353 429
179 458
96 466
780 250
853 49
638 396
755 947
606 667
217 91
653 959
457 832
292 406
803 310
172 362
423 868
14 193
995 742
934 975
919 359
926 491
394 489
537 610
270 61
752 22
371 682
100 466
508 995
744 686
853 476
481 993
623 689
801 470
198 394
913 513
277 789
672 475
162 584
957 168
200 450
934 851
88 804
428 817
544 36
331 795
296 870
463 63
330 297
437 102
729 124
591 609
170 566
350 76
419 699
774 66
168 489
465 295
354 244
727 149
213 670
362 757
245 924
921 531
492 241
633 669
330 73
246 382
513 473
840 822
357 231
858 16
210 196
262 653
67 125
277 530
207 588
382 673
108 56
263 512
697 496
906 262
542 641
515 809
668 687
637 539
448 319
447 727
368 9
553 726
99 136
395 403
307 553
696 121
469 272
600 735
475 785
121 956
147 113
863 548
412 878
162 415
774 302
416 231
942 812
947 996
980 731
532 841
360 962
954 656
417 603
927 886
401 504
414 648
781 169
40 663
710 96
501 216
868 737
585 149
768 958
190 555
242 285
525 71
319 384
353 141
330 360
152 229
858 740
850 404
842 339
935 420
179 729
592 546
535 358
282 475
72 531
297 419
511 175
424 311
91 863
375 784
708 957
299 216
978 956
185 30
857 446
875 250
370 956
937 813
790 174
937 350
796 880
84 123
131 463
564 112
58 925
690 437
945 999
810 182
70 479
332 11
414 511
9 296
817 957
50 505
408 823
165 224
479 200
981 449
192 11
123 528
183 208
394 889
140 412
367 255
400 367
347 510
494 618
199 387
217 426
841 895
64 598
987 577
827 740
96 592
141 30
267 774
174 70
327 761
747 169
71 3
727 996
727 815
814 753
865 337
899 996
603 887
323 764
464 968
45 668
787 765
255 256
214 80
288 764
125 458
989 546
487 190
650 590
389 81
111 573
805 314
716 306
90 698
850 360
939 224
494 979
840 738
736 983
142 145
46 538
361 293
557 770
422 718
803 493
210 13
552 913
425 677
292 985
103 775
25 336
191 548
802 904
335 777
607 922
253 294
215 60
786 62
305 410
567 500
762 264
86 557
458 344
333 369
748 449
839 864
996 743
448 806
118 293
697 739
132 944
326 284
314 711
982 135
41 6
869 369
698 463
953 441
763 543
13 998
888 50
504 220
27 450
605 594
635 634
475 597
926 343
0 658
337 656
570 6
441 853
589 928
299 37
522 727
786 269
293 466
312 46
920 944
306 276
528 302
371 804
959 708
960 181
534 154
280 257
721 136
124 5
908 156
192 442
862 183
671 157
599 162
289 819
937 772
32 650
370 849
25 66
626 598
606 403
406 536
422 915
215 323
443 665
317 694
830 824
441 846
54 474
876 449
406 547
71 775
498 938
425 18
239 980
80 516
79 536
521 653
179 675
211 25
935 349
675 12
298 525
904 868
994 948
767 423
438 466
736 934
682 248
898 582
221 519
586 630
398 796
925 623
243 214
963 229
195 100
435 985
66 964
249 794
371 40
193 869
478 705
132 242
917 95
731 678
376 85
703 422
473 94
206 146
334 282
687 672
664 679
937 783
359 469
67 340
388 976
769 207
296 191
200 851
951 285
112 572
116 441
578 46
986 229
958 851
386 420
133 170
245 384
348 996
840 251
432 543
631 813
954 37
226 829
117 168
864 409
25 522
58 276
770 135
617 661
674 157
850 981
636 48
592 391
942 75
854 519
660 712
39 30
776 473
