1000 999
1 0
2 0
3 2
4 1
5 2
6 0
7 6
8 5
9 8
10 9
11 6
12 10
13 9
14 2
15 6
16 12
17 14
18 1
19 16
20 9
21 16
22 3
23 18
24 16
25 13
26 11
27 22
28 8
29 24
30 23
31 9
32 7
33 28
34 25
35 0
36 25
37 1
38 9
39 13
40 6
41 16
42 24
43 42
44 13
45 21
46 6
47 0
48 4
49 37
50 6
51 31
52 9
53 35
54 10
55 11
56 39
57 17
58 34
59 27
60 57
61 39
62 48
63 38
64 56
65 31
66 47
67 66
68 17
69 58
70 41
71 45
72 22
73 15
74 57
75 30
76 34
77 43
78 42
79 67
80 24
81 18
82 0
83 57
84 41
85 31
86 49
87 80
88 68
89 64
90 60
91 18
92 45
93 68
94 58
95 29
96 92
97 56
98 41
99 52
100 30
101 98
102 60
103 15
104 93
105 64
106 81
107 57
108 47
109 108
110 20
111 75
112 43
113 52
114 3
115 45
116 19
117 50
118 10
119 114
120 45
121 8
122 60
123 72
124 42
125 110
126 107
127 89
128 14
129 101
130 5
131 88
132 47
133 66
134 97
135 32
136 59
137 37
138 73
139 16
140 73
141 105
142 98
143 75
144 66
145 78
146 33
147 99
148 135
149 121
150 70
151 68
152 124
153 110
154 104
155 23
156 46
157 24
158 44
159 111
160 31
161 139
162 33
163 140
164 54
165 119
166 11
167 134
168 37
169 69
170 12
171 134
172 77
173 8
174 49
175 168
176 96
177 152
178 162
179 4
180 178
181 25
182 54
183 163
184 70
185 100
186 103
187 155
188 78
189 79
190 56
191 183
192 98
193 113
194 60
195 23
196 0
197 175
198 175
199 163
200 168
201 94
202 200
203 171
204 56
205 96
206 22
207 44
208 168
209 15
210 12
211 84
212 23
213 114
214 4
215 103
216 57
217 33
218 152
219 210
220 22
221 160
222 215
223 168
224 38
225 108
226 178
227 188
228 40
229 59
230 68
231 212
232 83
233 222
234 154
235 153
236 235
237 187
238 5
239 58
240 1
241 20
242 195
243 167
244 123
245 50
246 195
247 174
248 67
249 45
250 150
251 145
252 60
253 139
254 187
255 112
256 240
257 200
258 181
259 256
260 210
261 204
262 186
263 193
264 180
265 126
266 2
267 243
268 69
269 65
270 195
271 205
272 184
273 70
274 38
275 41
276 67
277 161
278 203
279 59
280 59
281 100
282 271
283 103
284 42
285 170
286 136
287 225
288 15
289 221
290 38
291 244
292 247
293 66
294 151
295 224
296 22
297 201
298 179
299 194
300 124
301 239
302 28
303 45
304 23
305 221
306 37
307 145
308 193
309 75
310 289
311 209
312 70
313 196
314 145
315 156
316 185
317 145
318 198
319 196
320 58
321 7
322 321
323 239
324 143
325 164
326 243
327 198
328 269
329 26
330 88
331 91
332 268
333 128
334 176
335 14
336 108
337 89
338 89
339 332
340 249
341 121
342 5
343 258
344 302
345 57
346 153
347 126
348 125
349 303
350 130
351 11
352 76
353 110
354 328
355 175
356 76
357 111
358 45
359 34
360 130
361 311
362 52
363 334
364 209
365 198
366 362
367 358
368 138
369 319
370 81
371 355
372 207
373 43
374 47
375 213
376 3
377 45
378 146
379 26
380 90
381 358
382 29
383 50
384 190
385 121
386 97
387 22
388 88
389 283
390 373
391 203
392 213
393 327
394 379
395 376
396 140
397 179
398 302
399 72
400 224
401 106
402 177
403 376
404 334
405 6
406 27
407 260
408 407
409 339
410 61
411 93
412 240
413 334
414 12
415 337
416 381
417 166
418 338
419 128
420 93
421 319
422 246
423 163
424 80
425 314
426 306
427 23
428 424
429 402
430 144
431 29
432 160
433 157
434 364
435 267
436 103
437 3
438 422
439 152
440 347
441 192
442 270
443 68
444 55
445 151
446 312
447 23
448 195
449 279
450 291
451 102
452 89
453 269
454 342
455 186
456 273
457 24
458 405
459 26
460 216
461 62
462 232
463 334
464 350
465 12
466 52
467 261
468 380
469 389
470 38
471 220
472 227
473 84
474 459
475 300
476 6
477 363
478 111
479 112
480 120
481 401
482 357
483 339
484 169
485 444
486 351
487 91
488 387
489 43
490 473
491 18
492 184
493 471
494 330
495 30
496 431
497 32
498 70
499 425
500 81
501 70
502 345
503 230
504 322
505 193
506 358
507 189
508 0
509 472
510 425
511 442
512 484
513 19
514 396
515 385
516 38
517 4
518 266
519 358
520 146
521 120
522 315
523 315
524 172
525 389
526 296
527 343
528 205
529 50
530 481
531 48
532 155
533 490
534 19
535 377
536 150
537 24
538 463
539 58
540 276
541 228
542 148
543 95
544 475
545 149
546 234
547 279
548 530
549 92
550 480
551 382
552 170
553 369
554 350
555 484
556 462
557 11
558 97
559 547
560 59
561 260
562 458
563 50
564 141
565 429
566 538
567 299
568 67
569 134
570 250
571 53
572 93
573 252
574 107
575 191
576 80
577 464
578 325
579 429
580 456
581 285
582 83
583 579
584 514
585 68
586 474
587 333
588 351
589 119
590 329
591 70
592 100
593 465
594 79
595 512
596 92
597 258
598 376
599 197
600 398
601 194
602 144
603 469
604 164
605 417
606 258
607 508
608 412
609 179
610 494
611 599
612 493
613 17
614 376
615 416
616 33
617 95
618 350
619 564
620 276
621 582
622 539
623 304
624 615
625 512
626 452
627 411
628 349
629 308
630 458
631 101
632 562
633 522
634 43
635 618
636 201
637 445
638 540
639 503
640 525
641 520
642 256
643 18
644 155
645 612
646 385
647 158
648 538
649 357
650 484
651 510
652 552
653 489
654 587
655 76
656 472
657 119
658 597
659 546
660 462
661 26
662 295
663 55
664 393
665 433
666 469
667 197
668 537
669 103
670 418
671 206
672 206
673 62
674 514
675 263
676 515
677 256
678 22
679 100
680 425
681 289
682 532
683 446
684 95
685 271
686 475
687 444
688 407
689 50
690 135
691 380
692 535
693 505
694 88
695 13
696 222
697 4
698 151
699 514
700 283
701 197
702 175
703 618
704 434
705 60
706 565
707 522
708 102
709 647
710 608
711 180
712 203
713 205
714 304
715 120
716 165
717 185
718 499
719 547
720 507
721 109
722 494
723 630
724 386
725 640
726 113
727 511
728 302
729 359
730 438
731 630
732 107
733 103
734 642
735 468
736 174
737 731
738 39
739 241
740 117
741 37
742 424
743 324
744 676
745 695
746 95
747 557
748 617
749 646
750 150
751 439
752 732
753 338
754 118
755 402
756 96
757 490
758 193
759 702
760 408
761 156
762 679
763 332
764 121
765 547
766 376
767 43
768 44
769 317
770 338
771 97
772 667
773 0
774 348
775 642
776 171
777 633
778 617
779 693
780 172
781 503
782 196
783 61
784 197
785 148
786 104
787 11
788 246
789 265
790 657
791 488
792 172
793 483
794 82
795 17
796 411
797 203
798 207
799 619
800 581
801 731
802 354
803 650
804 753
805 382
806 610
807 774
808 250
809 437
810 454
811 325
812 751
813 60
814 136
815 106
816 293
817 434
818 695
819 56
820 61
821 255
822 613
823 162
824 451
825 672
826 481
827 803
828 22
829 424
830 636
831 743
832 631
833 304
834 536
835 337
836 398
837 401
838 531
839 200
840 309
841 296
842 558
843 569
844 389
845 23
846 128
847 252
848 532
849 179
850 275
851 272
852 23
853 468
854 638
855 618
856 118
857 190
858 45
859 723
860 375
861 462
862 853
863 646
864 662
865 222
866 322
867 596
868 268
869 568
870 163
871 455
872 622
873 613
874 80
875 851
876 147
877 251
878 59
879 873
880 93
881 584
882 849
883 92
884 388
885 111
886 217
887 26
888 631
889 330
890 845
891 266
892 199
893 656
894 840
895 435
896 99
897 681
898 489
899 813
900 531
901 755
902 796
903 346
904 814
905 109
906 69
907 826
908 171
909 846
910 447
911 348
912 365
913 500
914 380
915 223
916 334
917 766
918 226
919 316
920 267
921 190
922 464
923 280
924 495
925 903
926 919
927 899
928 290
929 503
930 5
931 174
932 174
933 304
934 426
935 776
936 324
937 592
938 264
939 491
940 431
941 111
942 781
943 301
944 749
945 636
946 33
947 29
948 625
949 128
950 548
951 57
952 933
953 614
954 468
955 820
956 903
957 801
958 516
959 127
960 768
961 749
962 123
963 319
964 534
965 463
966 895
967 175
968 369
969 857
970 849
971 462
972 907
973 491
974 871
975 119
976 851
977 238
978 676
979 103
980 966
981 706
982 764
983 96
984 468
985 130
986 211
987 948
988 141
989 193
990 492
991 348
992 565
993 177
994 968
995 231
996 437
997 138
998 136
999 736
