1000 5000
1 0
2 0
3 0
4 3
5 3
6 2
7 5
8 6
9 0
10 4
11 5
12 11
13 5
14 8
15 14
16 6
17 13
18 12
19 6
20 6
21 13
22 12
23 15
24 8
25 11
26 1
27 24
28 23
29 6
30 12
31 2
32 22
33 15
34 20
35 3
36 9
37 19
38 13
39 16
40 25
41 39
42 20
43 6
44 39
45 36
46 15
47 40
48 23
49 18
50 26
51 28
52 24
53 14
54 6
55 38
56 52
57 42
58 14
59 38
60 47
61 17
62 37
63 13
64 21
65 41
66 39
67 58
68 57
69 42
70 58
71 4
72 20
73 18
74 11
75 56
76 3
77 55
78 62
79 29
80 12
81 51
82 16
83 27
84 72
85 39
86 43
87 35
88 22
89 36
90 25
91 70
92 29
93 58
94 18
95 13
96 63
97 78
98 24
99 94
100 73
101 6
102 9
103 53
104 37
105 42
106 53
107 5
108 22
109 64
110 13
111 38
112 6
113 41
114 85
115 92
116 29
117 81
118 44
119 104
120 21
121 24
122 77
123 4
124 28
125 103
126 96
127 86
128 65
129 105
130 92
131 81
132 77
133 118
134 65
135 27
136 34
137 39
138 130
139 89
140 4
141 119
142 21
143 60
144 77
145 1
146 6
147 26
148 50
149 17
150 8
151 7
152 48
153 32
154 150
155 62
156 130
157 127
158 136
159 96
160 112
161 108
162 139
163 1
164 126
165 55
166 114
167 162
168 31
169 48
170 56
171 79
172 65
173 24
174 27
175 85
176 89
177 139
178 164
179 99
180 115
181 6
182 69
183 2
184 34
185 73
186 106
187 132
188 65
189 89
190 159
191 28
192 82
193 176
194 9
195 74
196 136
197 172
198 184
199 18
200 182
201 188
202 169
203 17
204 32
205 128
206 114
207 164
208 132
209 127
210 166
211 62
212 63
213 162
214 187
215 114
216 71
217 142
218 197
219 216
220 44
221 4
222 54
223 150
224 78
225 158
226 78
227 198
228 181
229 105
230 150
231 85
232 37
233 158
234 214
235 61
236 89
237 186
238 147
239 84
240 107
241 147
242 218
243 230
244 54
245 123
246 210
247 13
248 20
249 25
250 25
251 13
252 50
253 39
254 143
255 232
256 40
257 210
258 124
259 81
260 138
261 86
262 33
263 233
264 85
265 198
266 66
267 89
268 88
269 252
270 137
271 49
272 262
273 64
274 149
275 194
276 255
277 249
278 219
279 263
280 251
281 207
282 133
283 60
284 10
285 137
286 113
287 247
288 177
289 208
290 136
291 46
292 130
293 100
294 95
295 249
296 280
297 291
298 20
299 275
300 178
301 280
302 26
303 185
304 154
305 287
306 132
307 301
308 185
309 62
310 294
311 133
312 301
313 21
314 24
315 3
316 240
317 307
318 278
319 21
320 73
321 25
322 32
323 235
324 306
325 26
326 137
327 266
328 133
329 264
330 48
331 21
332 272
333 212
334 231
335 41
336 216
337 73
338 40
339 283
340 106
341 137
342 80
343 147
344 20
345 289
346 156
347 236
348 271
349 57
350 66
351 263
352 310
353 35
354 321
355 228
356 68
357 177
358 47
359 281
360 32
361 186
362 183
363 341
364 185
365 74
366 261
367 238
368 137
369 129
370 243
371 301
372 104
373 76
374 19
375 248
376 130
377 163
378 212
379 110
380 297
381 142
382 3
383 58
384 187
385 160
386 2
387 144
388 277
389 262
390 163
391 267
392 66
393 291
394 268
395 121
396 4
397 190
398 366
399 312
400 142
401 303
402 22
403 171
404 397
405 390
406 167
407 78
408 1
409 318
410 114
411 80
412 229
413 58
414 193
415 177
416 167
417 364
418 173
419 265
420 381
421 369
422 322
423 27
424 406
425 8
426 324
427 419
428 114
429 267
430 33
431 291
432 38
433 149
434 66
435 188
436 70
437 78
438 190
439 241
440 74
441 83
442 128
443 395
444 381
445 161
446 27
447 28
448 267
449 5
450 186
451 179
452 109
453 221
454 199
455 436
456 96
457 61
458 367
459 404
460 8
461 284
462 211
463 29
464 78
465 460
466 25
467 59
468 284
469 363
470 193
471 301
472 316
473 89
474 26
475 174
476 382
477 217
478 434
479 264
480 190
481 229
482 122
483 133
484 429
485 130
486 305
487 247
488 409
489 160
490 138
491 201
492 68
493 76
494 47
495 239
496 329
497 367
498 204
499 67
500 471
501 162
502 389
503 394
504 5
505 310
506 454
507 154
508 471
509 113
510 159
511 497
512 176
513 66
514 434
515 9
516 472
517 274
518 188
519 512
520 311
521 218
522 206
523 433
524 107
525 376
526 386
527 131
528 241
529 159
530 124
531 423
532 10
533 525
534 20
535 13
536 114
537 76
538 484
539 298
540 138
541 283
542 40
543 120
544 22
545 96
546 271
547 151
548 155
549 391
550 61
551 515
552 78
553 27
554 105
555 46
556 117
557 259
558 529
559 432
560 251
561 155
562 199
563 243
564 532
565 170
566 469
567 344
568 390
569 40
570 333
571 400
572 17
573 207
574 374
575 298
576 432
577 383
578 123
579 181
580 567
581 252
582 125
583 316
584 502
585 310
586 58
587 389
588 445
589 10
590 579
591 121
592 375
593 580
594 28
595 142
596 378
597 237
598 583
599 186
600 118
601 172
602 198
603 469
604 203
605 8
606 78
607 559
608 130
609 178
610 338
611 175
612 304
613 427
614 414
615 287
616 384
617 303
618 104
619 162
620 601
621 163
622 515
623 112
624 571
625 530
626 316
627 419
628 425
629 352
630 604
631 83
632 276
633 413
634 202
635 427
636 34
637 19
638 441
639 408
640 609
641 31
642 168
643 506
644 445
645 458
646 626
647 322
648 476
649 569
650 34
651 245
652 89
653 201
654 574
655 313
656 4
657 147
658 484
659 597
660 427
661 148
662 497
663 309
664 64
665 2
666 315
667 490
668 264
669 640
670 506
671 217
672 40
673 591
674 619
675 118
676 209
677 527
678 194
679 243
680 645
681 348
682 0
683 249
684 599
685 215
686 424
687 51
688 559
689 204
690 178
691 377
692 416
693 473
694 345
695 499
696 446
697 387
698 61
699 633
700 230
701 585
702 153
703 270
704 659
705 262
706 129
707 464
708 595
709 669
710 505
711 687
712 274
713 568
714 415
715 600
716 66
717 707
718 73
719 439
720 66
721 53
722 44
723 96
724 400
725 421
726 93
727 681
728 298
729 82
730 209
731 514
732 600
733 376
734 323
735 250
736 41
737 122
738 436
739 125
740 453
741 162
742 285
743 42
744 84
745 131
746 398
747 7
748 496
749 595
750 539
751 709
752 101
753 409
754 230
755 711
756 704
757 688
758 223
759 634
760 561
761 541
762 586
763 289
764 687
765 652
766 504
767 635
768 304
769 500
770 622
771 652
772 136
773 272
774 147
775 340
776 262
777 264
778 420
779 389
780 417
781 267
782 58
783 613
784 219
785 765
786 631
787 3
788 613
789 430
790 414
791 29
792 223
793 560
794 385
795 346
796 547
797 726
798 633
799 309
800 781
801 314
802 191
803 110
804 350
805 488
806 210
807 266
808 117
809 31
810 96
811 131
812 373
813 277
814 54
815 396
816 185
817 582
818 203
819 540
820 507
821 513
822 119
823 62
824 698
825 818
826 592
827 527
828 117
829 51
830 392
831 65
832 375
833 793
834 38
835 777
836 784
837 149
838 819
839 660
840 208
841 790
842 358
843 115
844 444
845 809
846 749
847 147
848 516
849 148
850 584
851 47
852 587
853 274
854 779
855 130
856 615
857 184
858 786
859 673
860 443
861 700
862 685
863 593
864 572
865 407
866 849
867 654
868 252
869 779
870 57
871 384
872 110
873 8
874 102
875 163
876 21
877 54
878 22
879 741
880 655
881 792
882 326
883 518
884 3
885 282
886 271
887 518
888 302
889 744
890 289
891 856
892 506
893 797
894 601
895 810
896 844
897 867
898 861
899 57
900 232
901 140
902 434
903 0
904 243
905 699
906 447
907 761
908 445
909 622
910 30
911 895
912 20
913 275
914 702
915 204
916 76
917 631
918 206
919 704
920 674
921 327
922 653
923 803
924 516
925 520
926 290
927 425
928 375
929 665
930 412
931 623
932 390
933 758
934 231
935 643
936 913
937 629
938 215
939 693
940 155
941 699
942 709
943 245
944 815
945 445
946 139
947 105
948 167
949 223
950 209
951 892
952 571
953 519
954 9
955 885
956 15
957 501
958 669
959 677
960 71
961 224
962 587
963 504
964 134
965 591
966 574
967 516
968 289
969 744
970 220
971 610
972 969
973 3
974 573
975 213
976 287
977 662
978 411
979 815
980 799
981 261
982 362
983 962
984 394
985 291
986 552
987 358
988 217
989 99
990 742
991 107
992 555
993 905
994 485
995 438
996 214
997 62
998 549
999 815
798 343
857 122
84 961
105 42
840 753
918 716
674 262
233 924
255 117
8 339
421 241
431 962
802 37
592 9
257 931
841 518
533 929
222 214
291 188
854 66
73 23
761 582
112 98
578 453
820 409
446 690
493 753
329 331
345 931
26 899
321 284
319 174
746 960
434 115
702 613
6 92
956 660
164 304
328 867
607 995
124 969
62 56
460 105
974 358
47 124
860 24
897 949
2 881
652 484
600 208
370 512
944 75
995 849
802 932
181 300
682 270
118 364
746 783
208 375
409 459
945 49
253 896
791 897
413 869
311 225
230 618
70 928
937 515
423 2
598 247
969 365
117 679
247 172
870 898
417 961
311 446
567 884
14 98
976 389
64 72
188 364
304 561
12 989
467 747
140 49
989 777
80 466
358 9
242 420
125 276
947 468
622 201
759 475
419 720
684 56
220 141
139 954
539 188
847 10
501 758
472 497
910 11
80 844
643 67
136 54
504 269
736 534
131 66
478 87
871 289
329 971
783 307
404 102
639 532
999 218
346 476
159 810
248 821
440 814
729 468
69 374
558 423
63 625
248 102
875 341
241 245
424 88
889 750
706 657
136 358
859 564
477 573
920 573
311 141
226 826
137 785
83 888
35 934
294 89
197 823
968 886
94 658
751 999
863 304
192 570
834 3
674 189
729 501
955 49
766 514
127 774
406 713
875 244
510 97
223 55
942 274
387 48
192 578
594 203
24 810
715 61
563 160
849 819
549 4
933 525
287 773
781 940
794 343
803 396
107 985
553 676
56 887
479 441
598 746
290 156
854 670
594 700
281 964
795 108
69 4
449 57
490 157
889 873
683 168
400 157
498 623
185 535
684 809
183 277
157 555
347 761
535 769
984 688
782 278
599 960
773 179
40 239
750 708
930 28
846 210
516 249
66 879
402 170
908 892
322 169
234 97
405 682
786 431
332 313
724 145
706 244
906 356
639 387
221 307
750 22
6 228
462 887
762 683
524 395
533 680
990 374
80 816
993 280
539 809
212 596
29 383
627 425
376 444
573 804
566 911
740 147
123 820
215 175
328 222
987 556
788 305
412 348
991 790
232 22
479 206
770 50
546 319
526 70
399 11
537 842
118 883
479 19
92 782
635 256
968 318
578 755
443 254
390 298
487 661
203 985
318 900
491 14
755 992
312 581
24 197
857 430
821 271
963 940
775 622
696 584
57 802
766 550
667 468
544 900
667 500
424 677
640 95
805 110
125 340
488 738
308 342
866 225
984 332
133 899
427 128
228 734
621 440
153 926
156 207
786 163
483 355
868 299
939 519
886 945
739 782
637 3
261 756
153 655
29 372
893 887
255 716
576 48
325 425
711 388
865 323
355 327
588 649
820 139
429 930
472 697
266 759
194 118
147 944
323 562
42 208
462 568
693 735
878 403
325 882
532 799
807 952
748 720
286 408
826 192
106 442
925 507
931 777
866 337
329 143
291 596
941 27
75 959
406 971
385 321
455 143
418 200
196 518
901 413
95 287
380 408
73 530
307 790
843 144
59 230
525 137
691 31
992 907
611 199
563 443
454 267
686 483
144 325
920 918
594 780
727 903
259 223
388 498
740 734
10 943
406 745
453 796
28 239
66 302
491 500
846 533
897 870
328 34
254 444
210 104
105 349
938 357
84 49
141 509
491 372
566 48
429 535
98 621
891 422
690 775
907 862
506 43
782 241
527 811
475 672
411 317
65 870
371 843
676 112
38 868
898 290
165 575
798 352
410 912
708 706
436 608
969 325
619 2
284 436
232 299
150 178
841 693
635 252
73 178
232 119
535 527
448 441
370 862
329 712
445 818
390 255
304 452
328 15
165 740
751 606
566 49
593 50
538 595
795 892
550 394
534 29
548 289
264 325
139 82
929 53
349 487
945 731
306 829
419 520
88 905
635 154
975 283
309 233
765 770
214 819
648 387
739 761
259 554
5 616
696 744
340 482
796 606
954 864
579 943
616 847
441 586
233 645
159 418
117 364
457 754
735 473
585 773
340 20
246 550
281 357
736 117
913 880
804 709
371 308
838 39
161 558
699 36
34 234
402 759
656 796
824 956
161 32
791 514
535 874
543 783
93 49
872 328
940 133
224 502
576 256
265 782
813 61
855 422
85 522
50 731
562 851
758 482
504 672
702 551
584 750
133 502
391 338
983 849
423 553
918 735
978 947
835 23
544 411
857 491
467 568
144 266
841 144
13 361
311 588
423 404
110 356
911 305
756 590
353 723
215 621
794 427
537 999
986 971
346 630
733 724
556 966
325 681
320 236
937 934
182 763
787 893
15 43
596 849
691 375
509 397
573 376
798 565
161 45
466 775
341 926
359 347
425 185
8 656
72 404
239 358
168 76
240 810
564 459
795 84
286 356
602 809
176 516
68 562
843 719
764 851
309 163
511 503
51 236
184 637
633 216
878 760
31 264
603 115
607 473
613 910
158 926
530 493
709 976
88 342
240 513
34 32
637 831
975 908
982 819
343 42
406 326
182 406
735 55
356 519
182 719
475 935
587 160
987 853
202 631
273 477
471 227
236 352
291 507
625 741
420 126
263 657
915 98
790 106
401 636
120 465
66 740
669 249
94 344
515 116
336 840
592 579
780 489
575 388
625 731
415 195
315 195
178 186
770 773
355 766
301 545
908 529
182 162
248 987
32 97
653 127
777 862
335 772
467 869
597 762
956 237
65 819
816 392
954 378
885 945
530 384
580 140
522 810
373 983
262 461
210 176
638 837
739 542
340 979
78 819
905 648
867 559
250 705
933 314
526 220
730 428
971 303
565 929
865 946
362 985
573 946
823 646
646 230
123 561
623 76
853 310
189 248
98 296
71 188
400 883
322 240
383 278
255 738
592 914
282 848
358 25
443 259
868 325
418 480
633 82
798 872
943 345
461 170
250 597
395 814
514 303
923 511
346 692
504 724
441 674
426 901
897 868
232 420
115 962
656 574
848 399
997 579
959 338
683 21
852 24
263 97
760 836
244 845
2 664
81 809
119 684
679 498
520 136
65 651
581 939
426 30
901 507
369 490
666 102
779 244
712 249
720 366
571 69
983 630
475 227
459 413
537 831
294 679
250 158
181 547
768 116
667 555
336 82
630 985
327 444
619 812
280 804
307 825
433 610
150 869
461 893
794 181
581 875
295 615
97 486
265 814
551 566
232 159
784 963
868 583
449 105
364 278
128 380
801 70
22 563
407 60
127 411
820 150
976 937
288 46
864 178
730 811
544 21
785 746
556 646
538 815
876 915
714 793
842 54
272 47
637 194
439 774
221 307
418 826
409 818
576 111
968 384
742 918
83 830
399 574
907 763
271 78
605 146
253 589
790 699
939 786
706 311
878 767
494 292
413 963
736 236
299 450
260 904
305 108
581 450
988 116
537 914
28 300
79 195
357 986
142 379
951 434
650 308
206 329
154 958
47 501
633 68
636 349
331 332
970 389
106 352
399 266
722 833
776 867
949 548
58 214
779 646
140 228
324 649
554 848
413 359
766 325
325 589
820 589
499 98
644 235
579 274
820 830
490 115
904 673
23 593
799 128
898 616
486 415
125 74
642 693
278 200
552 696
921 914
884 253
193 669
641 381
433 371
856 338
151 761
5 952
323 696
92 594
188 885
469 415
703 379
711 309
296 67
356 214
100 740
91 314
226 153
666 586
556 954
235 788
868 440
880 942
918 4
372 572
151 224
541 427
461 703
330 776
719 747
391 959
97 350
59 85
826 910
107 62
526 207
711 157
995 760
190 695
750 544
47 453
114 717
407 60
512 628
744 438
367 671
462 721
779 215
34 780
665 235
335 749
252 333
28 613
410 699
396 299
602 61
147 74
14 53
649 222
99 170
423 421
879 59
210 197
589 327
724 241
343 493
504 149
72 687
647 566
435 714
504 738
697 117
612 335
482 710
37 532
958 875
189 456
28 496
418 723
987 992
151 610
804 477
834 988
829 245
685 786
796 640
544 443
931 949
830 653
332 803
236 69
981 97
481 453
778 215
323 647
832 914
751 487
191 605
850 893
195 665
400 44
179 784
299 635
392 947
146 191
664 728
781 323
574 941
517 572
379 778
435 220
40 857
134 914
478 720
430 987
726 374
193 153
430 993
582 416
610 658
505 266
593 606
406 51
626 1
181 566
969 128
971 166
57 237
879 851
200 610
856 105
99 98
71 829
715 35
2 328
768 639
331 769
376 261
894 426
864 359
199 991
611 424
157 966
46 919
129 614
523 806
842 229
498 817
88 175
475 236
783 708
528 430
976 521
189 890
130 95
84 850
532 528
582 733
234 132
404 707
505 524
825 405
86 451
257 708
11 94
934 68
244 938
152 926
617 467
972 625
159 245
850 398
676 422
990 857
964 280
938 386
79 315
221 302
697 618
116 584
376 466
219 47
267 930
804 570
328 839
186 739
445 166
436 516
866 408
943 818
428 140
684 860
441 593
607 432
255 955
628 175
335 55
365 676
850 253
224 96
91 891
372 463
951 460
894 420
525 495
263 222
949 180
322 338
82 435
233 477
840 308
8 964
923 494
311 171
13 575
737 734
143 221
2 535
149 440
827 362
730 401
745 648
612 552
611 598
393 427
562 627
765 60
673 621
728 702
509 962
838 155
68 786
850 204
938 477
86 119
382 393
626 488
973 683
683 985
113 980
575 247
955 549
778 691
439 223
506 413
263 919
816 135
499 78
64 389
699 303
21 120
218 202
728 16
851 950
628 53
902 852
855 252
292 907
236 834
272 661
224 536
537 143
560 373
268 233
968 751
219 15
781 55
715 553
500 23
916 173
446 654
159 634
990 818
364 200
913 528
738 166
693 144
474 760
880 10
844 69
227 382
806 942
119 870
943 783
845 587
591 922
32 132
930 881
571 497
774 656
59 71
711 453
654 643
840 939
972 855
704 468
412 149
516 270
752 108
828 699
911 978
548 193
28 78
607 514
885 165
333 917
105 514
822 309
521 654
565 211
639 254
478 570
265 202
263 384
228 450
383 678
276 858
823 170
534 659
209 405
283 343
689 272
64 918
881 252
530 956
70 478
864 298
338 982
914 52
47 758
970 981
633 324
921 41
787 979
688 30
145 860
977 72
595 914
131 917
834 6
360 391
350 223
757 503
30 286
721 756
198 290
538 747
341 222
655 447
630 33
492 839
403 415
192 396
726 88
278 429
315 389
967 479
54 833
254 830
877 541
423 477
46 930
779 569
68 329
337 315
37 724
19 16
413 967
388 734
714 868
904 124
717 469
391 40
982 324
268 66
294 751
973 839
200 572
498 830
649 438
927 654
803 393
53 557
747 686
20 381
139 753
538 423
156 883
553 567
839 731
875 171
693 416
300 973
852 112
631 215
130 965
342 461
884 409
750 721
847 622
913 474
777 824
448 656
989 598
965 317
355 816
738 384
640 779
598 500
711 61
950 271
812 61
290 775
667 545
822 974
50 440
746 684
513 300
154 450
340 861
210 164
393 153
124 463
308 337
227 701
901 669
63 154
65 40
333 691
629 310
173 113
319 645
853 566
124 379
464 960
932 342
408 138
131 60
571 496
278 433
229 142
794 151
301 247
287 410
938 641
19 469
587 150
488 853
125 677
480 730
405 169
984 595
253 329
695 317
839 853
110 608
70 520
223 913
849 446
895 796
448 666
228 123
852 711
872 808
705 777
968 759
636 292
732 369
961 32
402 725
373 673
692 108
387 747
950 483
298 521
783 558
835 772
910 29
267 951
132 33
743 876
204 480
433 739
916 278
333 947
149 522
561 336
508 756
525 207
729 750
673 710
841 242
206 604
623 858
958 525
811 793
88 353
535 99
71 826
405 390
379 731
702 62
102 77
136 936
787 315
128 113
865 796
332 880
881 426
460 122
229 169
629 885
850 87
445 276
481 519
789 555
666 100
582 720
298 0
786 831
575 687
553 238
913 717
617 786
803 723
850 75
845 908
823 239
377 75
584 625
680 329
4 515
593 763
403 741
511 360
437 763
748 843
629 128
348 325
854 269
7 945
400 363
530 608
933 72
716 594
448 559
602 305
303 956
294 872
818 239
128 816
259 118
497 768
240 279
805 985
795 93
279 764
637 408
757 171
449 740
485 706
813 218
57 330
786 811
571 290
288 215
912 199
419 170
575 859
669 280
949 396
843 218
388 712
411 194
380 402
449 212
698 95
907 632
757 87
116 520
560 839
928 936
629 474
145 980
695 773
212 397
635 569
735 138
834 602
683 40
632 588
858 381
676 574
588 986
572 226
756 630
286 557
223 711
996 559
177 812
874 329
966 637
89 311
243 5
156 936
19 977
181 865
965 283
686 191
753 461
87 628
258 96
99 488
417 192
823 203
232 591
460 728
447 480
516 921
734 776
956 913
305 151
832 13
638 286
348 197
476 978
194 113
834 968
863 230
230 196
204 257
287 988
842 0
646 200
183 427
39 779
405 733
846 739
765 577
13 563
79 208
703 24
81 990
971 484
745 155
956 80
967 201
21 510
542 888
122 867
109 571
589 896
563 627
626 713
932 971
698 638
395 150
945 856
807 966
537 195
144 459
780 341
905 372
56 937
560 937
182 236
389 309
22 154
860 555
617 595
101 259
984 772
108 897
670 678
215 359
981 23
685 366
866 584
64 895
986 247
328 364
903 81
337 226
442 534
35 88
918 899
700 474
442 428
98 685
486 783
254 123
128 741
848 830
934 964
798 990
898 666
985 877
335 26
508 773
860 175
472 444
537 737
840 9
623 230
296 962
511 711
616 148
928 290
595 739
40 73
655 838
237 574
458 754
852 288
859 763
887 943
332 736
463 191
79 577
486 694
60 945
666 631
963 749
959 85
437 779
39 233
449 435
181 846
121 517
46 992
19 448
578 730
941 698
324 7
763 27
519 601
364 149
499 129
708 117
348 218
830 505
867 323
582 153
74 171
504 179
966 372
904 358
137 169
441 701
542 817
765 903
185 739
973 686
425 979
401 740
638 595
963 763
905 678
171 644
899 127
140 545
420 314
573 918
737 469
340 682
286 19
449 662
908 527
208 47
797 510
290 230
746 416
405 152
792 595
720 360
346 527
116 26
472 652
405 528
244 542
320 931
548 688
376 162
718 577
769 483
893 939
813 694
600 917
498 43
771 826
880 853
170 746
241 694
743 790
481 251
611 775
809 692
151 689
836 816
496 808
885 519
669 418
475 53
817 143
52 361
29 532
822 168
564 763
565 136
192 405
922 780
477 703
308 91
35 609
764 994
717 72
203 284
241 740
206 893
617 59
377 967
797 888
702 30
335 744
387 859
970 492
684 549
623 407
615 519
282 775
384 344
955 668
834 314
482 342
312 185
986 926
734 307
228 146
505 623
40 948
698 647
706 779
978 675
300 397
556 31
147 599
111 977
152 819
587 803
516 666
397 626
954 542
681 240
397 787
658 777
725 269
72 354
817 895
989 364
521 577
118 627
105 192
402 720
101 70
18 384
871 344
421 761
869 350
39 371
387 75
379 356
330 405
293 864
535 554
617 451
140 293
184 65
230 721
827 45
553 332
576 594
255 847
68 485
20 805
984 606
619 694
919 353
148 825
454 429
222 353
752 180
823 588
666 482
224 568
164 438
146 681
227 660
931 253
111 910
654 560
412 323
961 815
804 262
358 724
409 367
30 360
497 974
860 616
230 734
535 260
145 583
699 910
801 943
515 702
250 512
181 775
820 435
746 909
39 614
398 51
110 900
592 958
17 760
536 380
164 842
911 501
871 385
300 270
821 224
243 636
716 269
163 997
212 650
873 443
886 582
629 767
327 937
645 837
735 790
947 415
954 84
675 140
243 197
926 333
417 357
756 851
443 564
921 431
865 391
22 965
340 600
563 435
688 690
641 725
33 759
574 225
422 76
662 19
779 861
208 78
740 229
114 439
760 993
878 978
62 817
229 699
375 32
600 404
362 371
93 945
716 127
719 606
636 969
182 179
433 756
202 960
727 326
973 555
898 840
902 752
247 595
255 421
745 388
665 272
657 435
339 149
847 729
214 318
128 879
877 873
650 342
787 956
340 605
95 782
295 704
868 132
612 853
754 148
923 390
774 795
146 120
738 368
992 930
215 339
298 932
393 319
246 803
350 678
820 855
711 439
974 549
449 832
80 763
579 269
555 292
488 436
633 566
212 372
210 485
696 433
957 766
525 36
207 165
807 642
417 505
326 123
326 360
80 556
71 52
972 33
767 947
246 39
157 100
861 431
267 842
900 646
209 168
738 293
189 693
176 24
551 925
396 289
70 539
455 23
851 575
277 174
570 987
330 731
729 869
4 414
106 523
582 309
345 237
463 223
773 988
633 918
541 86
613 158
160 659
47 860
23 934
11 188
312 381
773 376
722 957
741 135
540 629
730 754
350 374
105 634
743 323
151 636
541 116
368 929
405 525
187 661
473 617
507 421
211 876
329 728
3 862
100 22
573 751
717 980
703 548
878 333
332 768
250 851
699 582
111 342
287 293
807 951
897 923
674 588
400 282
145 346
441 927
848 216
763 46
750 667
999 82
114 315
557 537
956 107
683 128
713 10
234 977
329 573
69 740
722 481
40 950
614 367
486 543
602 858
904 536
954 703
604 375
607 440
940 27
635 652
0 55
381 734
96 825
951 272
526 321
576 757
348 760
455 436
829 15
375 51
477 591
712 440
277 682
331 441
968 145
283 852
80 328
756 346
217 819
478 574
897 332
149 311
534 834
387 411
331 122
184 426
708 160
13 148
764 755
836 697
849 747
593 7
806 436
402 692
361 302
35 328
762 371
895 71
54 506
158 742
665 405
155 7
921 637
822 455
843 34
549 516
16 360
937 23
421 69
894 392
378 981
224 446
343 774
875 387
108 915
429 259
493 538
181 983
197 878
784 270
573 907
984 584
629 576
555 565
487 236
200 322
428 700
302 925
708 267
650 446
402 114
833 12
614 674
982 120
219 953
75 313
784 820
866 28
893 593
515 426
943 859
810 584
73 486
480 695
567 69
856 948
942 35
477 642
339 78
434 4
429 945
249 576
867 345
967 979
756 50
838 15
278 851
642 62
807 380
295 310
949 73
256 291
484 575
194 666
672 591
906 582
512 614
634 288
449 51
963 332
357 735
843 528
597 927
575 434
989 758
324 901
747 324
682 517
540 713
670 677
201 583
882 525
300 403
902 766
532 253
260 204
914 561
652 943
999 595
730 618
207 27
169 992
547 514
296 21
562 168
825 162
316 791
452 718
315 264
556 61
258 506
763 255
586 37
61 896
599 741
458 810
360 745
847 472
307 263
739 887
220 271
517 452
108 486
661 543
558 233
282 257
164 627
161 593
41 805
989 561
173 751
771 98
841 460
465 736
907 865
876 710
258 965
248 507
600 446
312 240
831 115
651 124
911 249
533 136
896 954
299 56
163 584
191 868
124 801
474 478
363 754
951 145
140 33
110 12
989 597
221 600
599 986
70 709
976 292
811 207
441 678
299 523
473 824
752 188
939 740
595 952
459 743
711 955
580 448
966 736
271 539
534 860
799 603
427 283
379 178
361 498
161 225
77 337
734 916
337 303
889 399
808 333
106 475
88 506
505 850
262 423
197 806
87 899
746 208
77 223
224 903
132 551
842 9
101 261
107 316
551 260
891 977
184 646
369 845
787 454
657 408
329 782
770 242
150 949
265 849
989 669
880 192
862 873
994 332
10 447
41 345
514 751
303 918
595 825
451 105
520 37
163 461
595 267
981 624
54 905
30 490
983 268
752 73
594 792
385 815
205 434
978 703
298 760
600 164
207 664
55 179
14 624
470 643
244 305
640 306
197 946
752 807
905 434
1 605
603 964
212 608
635 507
563 989
980 960
823 597
120 46
637 176
453 460
258 129
41 528
254 503
762 662
622 310
215 65
620 1
526 252
131 851
308 403
98 803
777 697
476 839
570 271
240 369
466 690
854 10
674 866
89 693
970 606
183 807
754 84
145 472
649 716
355 252
422 794
216 595
543 371
650 791
649 136
72 961
188 182
220 867
559 93
293 425
735 40
432 228
129 619
855 69
508 232
92 974
938 480
936 163
44 268
120 798
894 545
898 45
537 857
195 546
345 550
536 489
607 301
865 173
234 143
630 214
835 492
943 944
751 893
643 941
66 755
463 773
893 910
815 922
350 616
535 755
741 196
703 809
793 295
32 212
559 444
529 396
599 402
535 148
750 670
65 920
853 777
53 855
183 651
128 172
565 905
718 100
926 875
283 123
893 674
797 910
766 771
252 477
426 116
296 260
575 351
42 72
964 300
226 946
604 80
399 148
968 380
50 842
42 34
423 92
578 984
48 741
512 337
819 204
871 100
900 492
297 736
914 18
662 736
429 26
94 233
620 588
577 590
331 429
462 951
95 5
899 89
691 806
673 369
320 594
552 775
837 586
484 927
247 47
247 498
417 681
756 527
942 924
964 97
933 113
937 332
634 856
247 232
748 94
22 433
601 358
129 492
624 974
519 743
897 771
889 556
757 672
895 732
687 45
935 761
854 574
631 607
862 951
901 163
891 91
1 564
759 14
369 487
214 777
776 900
417 240
827 518
321 71
41 62
505 818
544 545
702 402
984 210
442 598
338 759
197 279
776 327
87 871
968 989
583 472
722 568
836 589
61 803
961 428
259 434
958 418
993 999
368 348
604 30
265 464
642 54
620 152
731 659
218 603
382 432
840 195
26 371
446 660
437 677
203 417
744 15
112 983
914 439
673 50
267 778
527 109
135 827
659 283
864 757
250 201
636 828
628 960
225 128
597 101
45 449
883 366
797 746
985 64
835 482
52 736
52 497
672 164
67 679
269 251
741 802
294 959
407 397
939 805
730 127
352 317
423 620
81 995
55 487
376 472
560 846
335 510
259 177
381 531
157 752
250 459
265 516
23 227
800 277
726 416
245 510
658 261
173 648
95 901
392 694
690 475
400 967
18 217
435 657
799 828
138 911
887 846
672 889
793 483
690 330
10 986
761 352
257 311
623 447
758 659
403 289
894 234
338 314
269 323
101 942
52 646
8 944
348 498
70 428
935 195
693 368
451 106
298 501
615 593
528 531
490 387
555 76
694 4
861 509
825 698
913 469
108 440
160 607
915 757
149 68
721 121
681 821
186 411
722 248
289 439
199 926
700 729
93 647
642 92
210 234
650 14
541 843
602 928
200 271
470 159
96 237
872 404
824 437
627 391
348 377
133 704
987 234
227 720
668 782
693 535
540 333
279 819
291 319
33 358
460 774
214 991
572 27
827 348
99 902
133 472
216 848
561 824
848 863
717 835
189 481
78 266
708 104
921 741
523 699
220 535
972 142
913 860
620 732
606 231
173 345
754 38
892 602
53 249
212 666
373 44
72 119
419 886
831 383
19 466
287 144
463 913
370 656
689 684
566 547
722 672
503 725
239 215
594 105
366 425
840 666
839 578
233 739
472 767
944 598
83 648
400 448
302 737
770 918
680 952
238 487
202 60
761 185
253 773
935 489
202 52
475 949
694 880
518 62
805 596
944 250
706 798
335 990
100 426
74 472
227 843
366 642
183 446
968 964
866 37
215 479
634 20
791 512
758 887
370 824
669 469
349 42
560 93
528 190
48 119
735 571
515 58
238 531
974 574
201 404
124 326
240 212
154 350
746 512
595 580
824 212
314 53
260 368
196 71
958 216
168 243
977 18
899 999
937 142
831 651
429 798
446 826
858 15
253 240
739 377
892 588
272 191
530 794
497 744
586 769
812 549
193 249
594 355
637 785
986 378
635 364
5 270
958 571
651 615
543 991
763 609
611 995
24 598
391 578
382 586
761 434
188 762
716 366
314 957
879 20
452 726
771 986
692 597
34 687
857 641
475 200
170 673
601 440
577 616
704 783
662 543
441 394
894 292
314 614
374 684
331 187
92 875
608 311
59 95
888 214
642 1
528 805
636 918
717 648
826 281
484 923
28 404
501 252
4 704
316 849
166 365
203 456
301 690
295 485
330 898
856 924
505 439
121 206
545 542
351 431
581 258
5 426
257 289
886 241
76 435
834 417
461 758
296 378
518 311
159 356
88 238
43 998
980 597
371 278
253 263
357 307
498 359
663 996
362 393
525 711
136 337
527 739
677 56
573 941
407 558
433 985
83 255
405 111
286 283
624 670
147 818
892 205
145 286
726 781
599 171
965 323
442 875
561 735
420 418
446 351
28 481
961 987
298 741
740 206
281 850
461 911
892 834
265 440
648 492
667 893
30 657
797 440
157 194
327 494
608 739
749 197
664 146
712 932
527 282
314 675
971 743
468 267
81 935
997 456
137 25
112 328
938 392
721 524
614 605
887 357
254 205
733 247
388 859
981 589
862 302
719 390
643 958
386 729
135 249
498 404
642 420
93 333
460 350
15 983
623 154
508 772
610 737
110 2
248 266
332 270
648 628
997 618
475 403
255 611
295 803
378 695
910 563
603 532
848 126
895 278
88 430
742 664
968 195
729 317
578 191
612 844
391 318
950 617
648 138
283 107
685 408
590 954
443 579
427 308
436 50
844 268
55 690
312 311
922 997
582 215
790 138
457 687
478 725
71 555
441 46
19 581
775 483
783 934
390 462
731 828
31 538
7 372
690 691
28 865
347 97
379 140
673 889
827 235
130 28
361 487
761 692
184 639
219 990
861 422
617 135
189 296
489 442
399 269
782 157
910 849
44 922
720 805
53 910
649 552
189 913
253 470
588 380
127 230
349 647
100 26
880 511
622 562
868 940
630 120
21 167
562 109
965 768
909 513
936 249
106 971
688 459
959 494
11 298
172 53
964 24
98 949
851 714
167 352
181 566
526 817
486 524
717 522
608 495
286 7
527 673
898 460
659 217
814 860
615 682
711 181
21 109
138 820
885 2
514 5
512 464
367 71
837 813
205 818
414 993
527 895
369 197
202 550
558 860
140 522
389 858
298 680
521 137
40 780
801 357
991 647
775 763
969 260
777 642
325 520
833 591
169 375
915 841
799 534
872 634
852 787
154 405
916 871
775 16
445 991
92 459
592 876
345 225
762 623
78 398
653 302
838 912
30 202
945 18
377 824
994 188
124 884
213 714
482 578
374 334
72 857
843 469
402 285
624 951
828 306
314 965
928 520
337 300
446 480
224 300
890 279
315 884
34 679
392 940
630 326
650 624
533 530
366 975
266 364
9 514
383 381
895 749
881 688
377 169
133 130
149 817
991 469
616 339
351 871
834 676
652 783
442 510
641 949
657 710
249 659
763 89
15 647
344 98
875 496
352 91
963 504
307 23
720 621
846 20
554 863
284 585
755 667
981 182
797 252
713 263
551 682
566 542
233 523
254 905
148 410
460 618
484 934
729 957
713 505
776 808
159 593
660 651
20 38
828 519
965 941
641 276
337 566
207 966
456 622
35 989
921 125
226 774
212 509
459 37
794 846
922 235
587 671
98 983
127 169
427 446
35 343
653 332
330 668
718 769
601 699
390 121
855 788
123 283
725 258
62 87
746 199
108 224
866 928
295 141
571 273
560 790
776 346
545 380
438 57
128 287
229 157
224 929
694 838
774 262
486 233
345 28
238 745
780 245
331 769
541 892
361 892
303 22
341 39
509 721
811 263
645 369
864 17
721 751
401 503
752 948
691 700
211 231
737 106
521 25
37 406
465 658
349 887
817 468
801 922
1 912
876 379
734 856
408 24
642 543
953 975
415 334
711 989
101 477
144 961
460 521
15 522
708 722
162 802
982 795
255 961
371 15
331 634
610 890
773 217
564 650
884 260
25 693
466 909
790 689
583 664
586 311
74 707
375 208
195 49
195 773
917 63
315 392
848 825
942 886
491 288
386 234
614 153
523 530
598 104
7 641
818 530
358 365
436 112
826 708
397 664
8 963
233 415
592 362
49 468
739 702
240 542
505 826
309 361
629 150
265 460
755 403
984 430
246 320
225 409
394 821
350 888
190 766
316 180
448 441
968 399
133 623
223 783
994 872
546 608
569 753
684 977
809 805
438 440
334 495
880 756
631 226
128 968
708 932
188 43
643 808
223 608
454 695
486 601
426 547
317 791
3 196
782 289
137 710
885 843
417 631
924 635
347 543
908 947
822 455
852 630
592 229
231 638
249 513
180 157
455 975
622 597
863 277
89 422
993 819
571 569
194 483
741 284
627 660
555 73
817 179
578 885
726 126
54 994
796 331
537 206
648 401
118 207
43 876
204 461
256 944
903 909
339 680
41 139
30 209
781 757
551 41
3 676
423 410
655 863
489 186
593 178
686 666
805 40
796 497
592 761
256 159
526 728
404 40
196 415
649 416
220 621
936 644
873 986
351 90
644 494
327 187
90 507
842 209
172 759
778 695
590 558
159 131
123 441
680 306
489 388
355 58
826 596
837 846
988 686
663 719
95 137
18 346
883 32
533 24
721 323
754 54
94 789
673 286
931 846
283 512
817 683
643 34
569 373
478 983
509 294
168 858
425 899
153 719
827 874
876 267
691 980
70 192
748 87
701 363
120 230
427 844
164 262
637 849
87 154
151 167
364 775
502 322
88 671
882 988
217 888
726 703
324 587
435 365
215 110
94 185
699 187
117 419
461 249
435 913
955 940
267 251
499 680
950 609
776 700
740 602
468 405
929 669
80 677
792 462
302 299
723 987
654 770
754 73
492 59
217 415
589 148
131 746
910 599
33 34
875 325
706 373
292 211
1 572
960 574
557 112
973 675
601 784
824 148
409 498
11 400
375 235
152 143
811 852
645 710
489 695
343 910
240 225
856 157
919 318
80 451
562 987
482 399
211 986
196 226
134 161
984 767
815 30
714 30
674 157
867 449
660 254
257 116
170 49
109 600
469 271
766 991
815 705
542 661
567 779
831 544
968 801
149 208
846 598
956 312
403 51
890 963
576 145
753 788
386 231
486 752
58 275
267 119
820 482
192 308
433 12
65 299
313 827
238 508
883 313
28 965
165 21
726 337
293 282
375 324
704 767
996 516
756 410
61 170
196 165
866 822
631 749
186 583
809 724
963 827
580 746
552 64
444 270
895 39
497 151
883 191
937 499
478 643
50 653
782 556
865 732
128 189
19 870
507 126
445 387
315 823
775 31
121 838
99 950
147 809
893 961
86 443
892 185
976 748
106 555
178 384
991 903
739 982
636 699
861 410
773 762
165 736
696 853
571 809
230 93
86 818
146 852
315 8
537 952
495 629
674 122
803 274
900 878
677 649
430 552
444 387
897 205
795 993
140 425
235 794
949 901
551 217
92 717
112 498
809 309
606 378
936 0
295 946
215 549
286 627
485 138
213 281
142 699
390 234
9 257
903 8
341 961
452 978
273 742
718 144
355 623
535 29
304 318
98 342
874 681
192 101
643 348
755 595
305 203
762 698
563 564
308 301
557 593
392 440
901 543
58 98
163 325
308 493
86 320
763 898
572 365
82 67
174 650
85 346
632 348
522 654
987 726
171 808
431 949
944 278
76 129
271 207
523 166
733 967
762 411
802 579
98 250
660 627
316 728
92 207
231 994
823 697
218 556
982 864
461 261
801 814
892 19
165 716
702 376
351 910
541 833
531 111
31 923
796 551
290 630
118 615
498 792
274 59
853 660
59 195
118 225
10 543
197 568
124 572
750 34
235 638
184 295
560 718
718 905
129 598
90 896
878 980
1 462
45 945
796 501
126 350
215 666
139 414
342 319
833 883
834 152
228 493
673 28
984 109
122 704
390 209
177 277
805 467
55 505
202 460
713 694
919 912
157 255
8 594
112 99
170 391
837 458
169 453
639 690
252 684
173 713
596 812
782 526
857 249
637 981
647 542
414 94
432 867
343 512
836 651
465 882
507 542
509 617
18 283
352 511
443 434
289 114
835 640
629 130
483 9
377 126
705 308
319 597
479 182
930 323
629 372
556 517
373 291
832 847
766 383
75 580
449 892
863 513
865 624
428 247
560 74
134 56
271 690
431 312
473 414
200 735
529 16
951 668
547 173
5 791
905 215
42 581
843 398
958 898
633 21
715 814
178 312
800 205
284 712
628 219
277 393
122 181
735 142
411 394
377 46
91 361
68 664
141 23
779 695
610 17
292 936
663 133
733 176
647 522
169 379
601 213
118 429
401 677
153 935
235 673
546 707
74 930
170 814
194 649
383 957
730 879
86 687
629 315
200 623
316 734
311 212
455 448
935 0
374 160
376 788
528 900
919 224
411 819
442 735
841 6
182 902
379 481
426 562
577 930
597 825
937 468
43 543
764 799
538 473
132 256
634 826
734 620
244 829
669 836
802 614
531 456
547 523
356 693
623 897
730 344
228 1
791 654
469 540
915 199
921 87
306 112
395 625
94 392
941 372
259 114
792 468
972 160
108 583
907 258
433 811
869 107
898 872
91 48
701 907
390 987
472 189
677 932
107 785
833 126
354 131
763 265
742 50
29 459
678 759
118 258
97 670
792 915
630 40
899 472
368 839
535 850
51 726
734 860
857 106
710 196
981 975
99 552
821 395
416 417
684 794
533 170
578 737
560 502
832 689
833 503
536 643
809 719
928 521
225 923
495 977
279 144
758 968
742 208
821 520
973 520
277 240
273 813
802 508
764 762
820 150
919 214
572 359
591 262
584 86
833 915
191 222
797 744
344 498
381 401
437 291
595 811
115 579
51 827
454 249
645 237
402 270
60 263
459 794
92 313
697 784
747 232
767 2
531 28
352 691
81 202
495 462
188 625
275 559
500 435
203 43
345 812
290 29
192 990
485 482
635 771
745 65
714 35
403 905
725 906
813 298
500 8
304 224
475 2
41 574
107 29
612 944
881 540
643 835
910 426
9 921
260 873
917 458
284 605
767 267
993 220
942 464
887 717
463 217
436 482
191 5
811 51
300 880
38 389
682 862
178 184
396 583
810 171
165 694
960 574
716 252
109 7
142 498
467 295
646 216
307 439
498 439
608 892
123 573
966 9
894 766
743 924
961 22
242 962
233 821
293 367
906 587
518 583
494 885
544 491
213 118
831 520
879 852
969 368
371 951
473 426
721 71
637 13
887 280
268 286
511 261
181 186
338 414
939 247
481 912
368 514
981 288
129 171
679 522
313 476
664 859
413 77
297 447
878 442
834 299
945 468
880 327
103 816
387 157
25 417
16 242
287 263
211 221
856 440
466 790
331 698
660 816
141 886
390 517
588 731
779 917
331 697
598 796
593 144
673 444
527 508
659 518
896 900
26 294
611 253
373 967
992 95
269 80
933 776
433 768
155 988
191 685
321 385
680 713
492 275
895 462
404 932
790 250
634 729
799 459
255 748
7 299
275 721
352 142
583 699
109 288
136 4
211 824
712 885
894 709
139 968
783 339
6 809
128 283
421 327
825 744
12 579
960 967
425 534
321 675
486 248
526 344
650 594
147 20
847 349
58 49
783 904
530 499
647 899
490 900
983 792
990 198
875 468
854 201
636 715
764 498
660 278
741 871
190 82
264 266
281 776
22 540
111 742
181 257
974 947
153 239
890 35
500 169
113 519
854 104
614 73
336 108
970 824
634 800
78 678
729 567
224 795
188 623
824 315
971 851
409 813
638 354
926 130
171 656
393 486
356 831
244 935
824 676
605 893
128 939
670 100
871 917
831 851
394 257
265 331
17 644
709 856
375 505
307 700
733 596
65 491
540 874
125 666
484 951
587 460
474 553
273 338
617 589
604 972
151 991
914 493
648 417
324 11
573 576
932 494
210 646
121 275
862 309
685 933
267 448
257 23
223 120
672 223
976 941
966 300
276 257
993 175
455 276
333 684
813 234
977 962
622 326
16 625
790 912
202 383
935 769
885 940
320 591
382 340
652 201
375 662
357 52
524 707
58 634
396 869
760 289
187 656
597 488
174 160
350 108
601 439
172 597
251 681
723 355
935 115
882 111
768 559
653 408
974 108
22 902
166 460
709 779
265 580
921 584
827 642
86 284
996 432
259 175
344 654
519 13
941 322
305 677
540 832
878 844
441 940
702 299
785 846
