100 300
1 0
2 0
3 0
4 0
5 4
6 0
7 0
8 5
9 4
10 8
11 2
12 8
13 12
14 10
15 8
16 12
17 15
18 2
19 3
20 0
21 16
22 1
23 15
24 10
25 11
26 1
27 23
28 19
29 15
30 2
31 25
32 22
33 9
34 0
35 9
36 14
37 24
38 30
39 33
40 36
41 22
42 24
43 30
44 39
45 6
46 38
47 5
48 4
49 38
50 18
51 37
52 15
53 1
54 45
55 33
56 3
57 8
58 53
59 6
60 12
61 50
62 2
63 56
64 0
65 51
66 11
67 39
68 38
69 51
70 6
71 51
72 1
73 45
74 26
75 40
76 63
77 11
78 20
79 71
80 56
81 45
82 11
83 78
84 67
85 6
86 34
87 27
88 20
89 40
90 89
91 18
92 19
93 6
94 33
95 65
96 40
97 69
98 6
99 46
43 88
73 58
99 83
44 32
10 85
94 12
95 97
27 17
50 96
98 25
45 44
84 30
88 85
94 23
0 86
47 82
53 66
43 7
21 93
13 66
45 62
94 42
88 73
5 40
39 1
56 70
17 56
30 96
56 84
29 31
1 84
13 87
20 37
58 85
21 10
39 75
65 43
39 97
76 98
29 84
2 12
57 9
3 61
48 31
49 56
4 44
62 49
74 76
86 35
80 5
62 24
28 75
76 40
94 25
47 96
84 17
54 66
7 60
44 65
16 23
62 35
65 80
64 14
12 56
96 88
16 61
1 36
35 77
43 94
83 46
78 42
1 72
79 95
9 69
20 86
28 84
29 0
37 86
24 86
60 8
91 84
45 12
24 96
34 59
34 16
80 48
48 68
0 90
49 56
40 15
2 3
26 74
43 15
76 89
99 63
38 76
79 98
32 38
7 24
60 83
59 24
44 5
46 75
48 90
16 29
16 44
4 36
41 99
82 88
2 91
86 55
5 73
60 86
46 79
14 71
72 66
58 30
12 6
94 40
72 76
25 45
92 41
50 57
26 71
5 70
99 73
87 30
80 23
87 91
87 6
12 72
69 68
89 69
89 37
72 59
52 11
32 14
96 88
69 68
26 73
63 64
84 73
69 58
80 27
43 83
30 14
58 98
14 34
24 31
19 55
3 87
48 65
53 54
94 11
28 64
90 86
20 8
55 17
10 65
27 40
16 98
29 39
35 0
91 65
73 19
64 97
49 52
52 5
57 94
62 37
68 11
33 76
38 86
7 1
40 11
91 33
15 54
58 80
91 22
74 85
59 88
95 11
71 69
19 76
78 3
56 5
94 63
20 55
96 8
11 84
25 99
7 96
98 27
86 17
38 27
37 35
67 40
85 48
60 70
8 27
55 63
