100 700
1 0
2 1
3 1
4 0
5 3
6 5
7 5
8 3
9 4
10 4
11 5
12 10
13 11
14 2
15 2
16 10
17 11
18 3
19 8
20 17
21 7
22 16
23 11
24 18
25 23
26 6
27 11
28 20
29 0
30 24
31 3
32 19
33 27
34 23
35 24
36 15
37 5
38 22
39 7
40 17
41 37
42 19
43 24
44 22
45 35
46 12
47 46
48 27
49 36
50 49
51 39
52 44
53 21
54 26
55 46
56 6
57 36
58 11
59 3
60 13
61 21
62 12
63 55
64 16
65 54
66 42
67 47
68 64
69 36
70 68
71 41
72 0
73 53
74 59
75 47
76 9
77 48
78 71
79 26
80 46
81 73
82 36
83 26
84 28
85 25
86 52
87 24
88 41
89 38
90 19
91 83
92 75
93 66
94 54
95 62
96 53
97 11
98 2
99 40
91 19
68 66
12 20
9 51
49 73
4 59
14 46
11 60
88 13
89 22
25 32
48 31
35 77
34 64
27 63
97 84
80 29
87 51
57 58
80 56
1 26
99 70
79 16
95 82
64 3
47 48
16 60
48 88
29 49
78 31
74 82
99 36
96 31
46 20
9 23
92 11
57 24
34 35
71 83
15 95
16 14
14 1
23 52
5 95
91 3
66 37
33 52
26 4
49 43
85 35
99 94
96 10
68 25
38 83
3 35
41 86
4 74
2 57
67 70
99 98
54 11
18 69
77 74
21 20
55 24
46 2
84 15
26 16
96 95
71 31
43 82
0 58
88 99
99 15
31 89
60 16
29 45
45 78
32 43
37 48
21 28
10 76
37 81
19 13
27 69
75 81
70 47
75 0
44 19
80 88
44 56
43 33
38 36
57 2
2 13
59 26
87 85
10 70
84 6
42 26
47 64
75 91
28 49
60 18
82 74
80 17
42 12
30 18
89 57
36 79
17 81
41 1
55 0
47 14
96 4
78 10
23 47
80 31
62 68
26 49
28 57
73 53
21 18
26 8
6 52
76 84
44 76
15 68
54 56
12 17
9 4
1 85
53 61
77 63
22 21
2 67
47 89
59 39
30 8
32 31
54 88
33 55
29 7
58 57
38 54
95 82
59 38
15 59
30 5
75 94
62 41
37 34
93 26
36 45
35 16
2 4
64 44
73 20
37 94
75 5
68 92
5 82
28 72
82 71
66 68
59 84
71 40
8 5
67 29
71 36
94 93
24 99
31 36
46 24
19 60
72 6
37 91
34 84
66 95
96 74
42 54
48 33
53 40
99 72
14 92
15 71
88 7
2 12
90 20
21 78
8 50
79 41
21 73
77 84
20 71
6 34
7 34
78 27
51 65
14 51
32 77
55 50
69 60
74 10
37 9
77 0
15 48
85 27
14 45
25 32
8 97
84 63
45 12
5 15
64 61
16 30
4 74
21 82
50 33
80 68
37 48
19 42
73 58
12 11
6 40
38 67
49 41
45 88
22 67
92 65
94 28
24 20
15 47
25 10
34 66
39 20
97 75
78 77
96 66
25 37
85 28
65 18
67 34
73 58
99 7
50 89
71 13
95 41
92 87
69 65
68 21
57 24
54 14
21 59
31 15
69 86
52 86
69 51
51 63
36 84
36 57
5 64
25 64
18 73
80 75
8 60
53 77
45 56
86 94
49 13
11 27
89 5
56 44
82 80
94 71
25 89
28 10
73 47
36 10
0 62
5 47
89 40
81 18
59 38
39 26
27 76
69 99
57 94
5 85
30 37
27 18
11 40
45 13
31 17
65 74
11 53
8 6
0 44
5 6
76 63
49 22
64 52
73 29
2 8
31 37
83 30
16 34
38 2
6 13
99 17
40 77
71 72
96 11
36 81
11 79
14 76
24 93
78 59
58 83
79 19
65 78
57 91
59 30
76 35
62 90
76 44
56 76
11 27
36 45
42 88
35 91
16 79
62 79
41 42
47 95
65 12
15 50
41 7
93 2
77 45
25 65
38 15
21 66
93 77
46 99
65 62
87 23
37 70
67 6
90 39
52 48
12 30
64 91
5 29
61 96
13 73
7 92
14 95
43 0
45 36
40 3
47 83
16 90
22 98
60 76
23 35
7 58
59 51
90 74
99 64
47 66
51 90
49 68
26 36
1 66
87 99
39 66
51 0
97 99
4 10
58 1
34 16
28 57
0 77
82 97
86 72
36 20
51 76
98 0
11 4
21 36
53 57
79 70
62 25
3 70
30 11
99 66
99 73
34 47
16 36
58 60
22 46
95 76
89 76
67 2
51 64
53 3
13 73
58 63
80 68
94 74
6 24
68 71
92 13
2 69
30 76
6 56
28 67
89 41
8 32
32 89
28 73
65 49
9 60
69 32
84 45
41 79
8 62
80 84
24 75
15 8
66 13
37 94
98 54
98 45
33 75
38 88
29 30
61 3
69 64
75 71
37 17
46 91
43 16
21 42
83 27
12 54
79 1
55 86
97 23
70 77
1 38
86 23
75 46
66 2
74 82
67 75
97 19
60 96
66 46
60 35
87 9
78 94
76 7
33 71
70 33
22 34
41 40
74 35
73 72
33 46
55 78
21 70
44 64
68 75
11 67
50 9
79 20
0 12
70 77
40 38
95 14
94 74
99 19
94 83
91 43
72 76
96 4
99 16
77 69
18 53
53 72
39 54
35 3
95 22
91 49
49 85
74 5
44 65
64 86
65 67
11 66
53 31
33 28
3 48
41 99
44 34
38 82
89 51
38 22
7 11
87 70
53 89
20 11
38 68
85 64
0 31
99 37
49 90
39 84
33 16
2 90
40 48
78 56
92 62
71 72
37 23
27 8
22 77
26 60
44 1
65 5
37 66
22 27
47 19
26 89
4 73
63 80
29 49
74 59
32 92
72 12
49 9
39 0
58 88
60 89
26 96
47 39
95 61
25 86
66 89
49 5
42 61
81 59
35 63
42 16
17 52
50 21
34 21
23 41
97 82
92 46
93 61
4 87
65 97
51 3
32 61
93 41
72 70
91 71
65 88
66 94
77 97
65 4
40 46
22 70
46 98
82 67
71 26
95 74
22 17
72 6
29 34
22 98
19 9
54 96
35 88
95 50
97 39
31 50
27 21
91 18
33 63
56 16
32 88
32 19
42 72
43 63
99 50
41 95
19 71
