100 500
1 0
2 0
3 0
4 2
5 2
6 4
7 5
8 0
9 8
10 7
11 8
12 2
13 10
14 13
15 6
16 4
17 13
18 0
19 17
20 9
21 7
22 3
23 15
24 4
25 21
26 20
27 2
28 11
29 23
30 28
31 21
32 2
33 26
34 29
35 26
36 31
37 18
38 29
39 19
40 17
41 6
42 6
43 16
44 18
45 28
46 18
47 10
48 21
49 16
50 22
51 11
52 2
53 27
54 10
55 7
56 55
57 44
58 22
59 31
60 2
61 1
62 60
63 27
64 6
65 61
66 35
67 19
68 67
69 64
70 41
71 46
72 6
73 28
74 11
75 69
76 27
77 3
78 77
79 31
80 7
81 63
82 25
83 68
84 19
85 42
86 42
87 43
88 82
89 50
90 86
91 56
92 43
93 33
94 2
95 77
96 37
97 67
98 31
99 45
64 30
33 28
60 18
71 92
41 46
66 94
75 48
62 54
16 40
51 89
28 47
76 91
22 28
84 8
89 87
67 44
27 10
53 63
7 3
44 0
84 95
6 17
91 50
13 48
45 16
51 35
28 68
30 20
49 30
82 90
68 65
54 4
38 76
61 22
42 15
80 2
85 15
63 10
24 85
22 13
73 56
4 64
69 72
68 6
27 97
85 13
86 7
71 5
7 84
97 91
24 50
75 5
16 68
94 28
1 19
72 71
0 57
16 47
43 64
49 97
21 98
6 37
87 51
72 2
82 5
66 11
0 83
19 36
86 26
30 10
44 83
4 93
40 24
50 93
5 42
8 15
11 98
76 58
36 75
4 56
42 49
60 85
87 8
90 24
7 82
73 13
72 6
27 82
61 83
14 62
38 57
9 77
84 20
22 64
63 94
62 52
32 13
13 96
41 97
31 49
97 77
43 54
91 53
79 51
94 65
31 50
29 7
84 7
25 79
25 87
37 27
48 50
51 71
47 31
52 87
58 31
39 76
5 51
43 85
0 76
83 14
8 30
96 22
90 70
33 56
31 35
66 51
38 0
65 72
3 91
27 85
35 7
61 3
48 19
46 0
86 23
61 13
41 18
26 29
93 9
63 94
15 65
63 38
77 96
19 35
90 85
32 39
78 3
67 17
88 77
83 67
96 92
23 31
60 6
55 94
17 20
50 95
83 41
71 95
41 76
26 95
41 84
18 64
1 11
19 60
19 16
31 39
4 37
64 74
8 21
83 92
5 73
94 8
91 94
22 69
22 23
9 50
59 40
90 44
44 86
69 8
13 48
94 88
53 56
34 67
12 27
81 31
11 8
22 76
83 72
27 38
76 86
19 92
78 9
78 75
41 33
23 33
16 38
79 19
2 62
75 11
12 13
10 68
42 2
27 91
36 75
32 5
70 14
31 12
57 59
88 97
75 21
99 25
30 11
45 71
75 88
43 70
60 42
35 23
49 6
47 28
43 76
26 89
93 22
49 28
38 69
49 75
50 29
2 21
95 29
74 4
40 4
3 40
4 13
7 54
76 64
34 83
10 14
2 92
57 56
31 26
32 86
99 67
55 32
83 40
65 81
52 15
23 20
93 73
89 40
44 1
43 22
28 90
36 20
68 41
93 96
16 96
96 57
57 93
95 30
46 78
12 8
66 68
38 52
2 83
24 25
39 63
30 67
59 20
75 97
74 97
45 55
98 4
23 15
93 24
13 33
9 41
26 93
66 6
88 42
69 75
85 24
16 31
77 52
14 55
36 80
56 96
73 87
33 52
70 87
48 50
75 58
35 49
61 44
90 14
39 2
72 69
10 67
84 11
92 80
97 57
80 10
49 60
67 2
28 57
86 26
38 7
77 1
58 6
17 66
86 54
62 32
84 55
21 88
25 40
45 66
95 43
6 75
23 27
83 67
74 91
1 78
90 73
73 82
29 45
64 47
72 57
10 6
86 23
63 67
71 60
65 12
87 38
15 21
35 64
99 55
4 96
0 35
36 88
49 35
1 90
82 49
28 34
10 33
99 96
74 97
93 43
77 1
11 26
7 25
7 33
97 57
72 48
72 59
17 43
7 63
14 10
21 78
57 67
34 70
6 18
65 79
37 44
34 3
84 81
82 21
65 55
79 29
74 86
92 85
88 61
25 69
65 10
61 5
48 63
1 75
51 19
37 4
74 84
44 43
33 7
26 73
52 61
73 59
72 12
12 17
12 7
73 38
68 69
14 24
54 77
83 79
95 23
96 97
51 87
52 34
10 73
61 60
85 61
68 21
61 8
