100 99
1 0
2 0
3 2
4 3
5 2
6 1
7 1
8 1
9 3
10 4
11 5
12 11
13 4
14 10
15 4
16 8
17 2
18 8
19 5
20 11
21 9
22 11
23 3
24 21
25 3
26 20
27 9
28 17
29 2
30 22
31 6
32 8
33 2
34 23
35 20
36 23
37 9
38 37
39 21
40 15
41 37
42 31
43 7
44 43
45 19
46 37
47 4
48 27
49 46
50 22
51 35
52 13
53 47
54 29
55 44
56 36
57 45
58 24
59 29
60 49
61 0
62 27
63 21
64 50
65 59
66 23
67 15
68 25
69 65
70 53
71 31
72 22
73 44
74 45
75 29
76 26
77 2
78 11
79 37
80 20
81 7
82 8
83 4
84 38
85 29
86 63
87 19
88 38
89 15
90 60
91 14
92 50
93 11
94 30
95 19
96 91
97 92
98 18
99 43
